timeStamp,elapsed,label,responseCode,responseMessage,threadName,dataType,success,failureMessage,bytes,sentBytes,grpThreads,allThreads,Latency,IdleTime,Connect
2018/09/17 17:08:43,2007,Login,200,OK,Business Scenario 1-1,text,true,,12637,1732,7,7,1709,0,1330
2018/09/17 17:08:44,1856,Login,200,OK,Business Scenario 1-3,text,true,,66352,1686,8,8,1088,0,701
2018/09/17 17:08:44,1669,Login,200,OK,Business Scenario 1-4,text,true,,66350,1686,9,9,928,0,604
2018/09/17 17:08:43,2361,Login,200,OK,Business Scenario 1-2,text,true,,66355,1686,9,9,1465,0,1082
2018/09/17 17:08:44,1564,Login,200,OK,Business Scenario 1-5,text,true,,66357,1686,9,9,907,0,612
2018/09/17 17:08:45,656,Index Page,200,OK,Business Scenario 1-3,text,true,,79569,334,10,10,241,0,0
2018/09/17 17:08:45,801,Index Page,200,OK,Business Scenario 1-1,text,true,,79569,334,9,9,250,0,0
2018/09/17 17:08:46,682,Index Page,200,OK,Business Scenario 1-4,text,true,,82304,334,11,11,268,0,0
2018/09/17 17:08:44,1754,Login,200,OK,Business Scenario 1-6,text,true,,66354,1686,11,11,1043,0,610
2018/09/17 17:08:46,675,Index Page,200,OK,Business Scenario 1-5,text,true,,79577,334,12,12,255,0,0
2018/09/17 17:08:45,1646,Login,200,OK,Business Scenario 1-7,text,true,,66360,1686,12,12,946,0,603
2018/09/17 17:08:45,1634,Login,200,OK,Business Scenario 1-8,text,true,,66349,1686,13,13,912,0,605
2018/09/17 17:08:46,1283,Index Page,200,OK,Business Scenario 1-2,text,true,,81987,334,13,13,727,0,282
2018/09/17 17:08:46,671,Index Page,200,OK,Business Scenario 1-6,text,true,,79579,334,13,13,254,0,0
2018/09/17 17:08:46,716,Load Initial Calendar,200,OK,Business Scenario 1-4,text,true,,49826,1025,13,13,578,0,279
2018/09/17 17:08:46,864,Load Initial Calendar,200,OK,Business Scenario 1-3,text,true,,55366,1025,13,13,587,0,290
2018/09/17 17:08:46,853,Load Initial Calendar,200,OK,Business Scenario 1-1,text,true,,55366,1025,13,13,576,0,281
2018/09/17 17:08:45,1567,Login,200,OK,Business Scenario 1-9,text,true,,66351,1686,14,14,899,0,605
2018/09/17 17:08:46,673,Index Page,200,OK,Business Scenario 1-7,text,true,,79576,334,14,14,256,0,0
2018/09/17 17:08:47,255,Index Page Lazy Data,200,OK,Business Scenario 1-3,text,true,,7469,761,14,14,255,0,0
2018/09/17 17:08:47,271,Index Page Lazy Data,200,OK,Business Scenario 1-4,text,true,,7469,761,14,14,271,0,0
2018/09/17 17:08:47,258,Index Page Lazy Data,200,OK,Business Scenario 1-1,text,true,,7467,761,14,14,257,0,0
2018/09/17 17:08:46,859,Load Initial Calendar,200,OK,Business Scenario 1-5,text,true,,55366,1025,15,15,577,0,280
2018/09/17 17:08:47,589,Load Initial Calendar,200,OK,Business Scenario 1-2,text,true,,55366,1025,15,15,171,0,0
2018/09/17 17:08:46,1684,Login,200,OK,Business Scenario 1-10,text,true,,66354,1686,15,15,905,0,607
2018/09/17 17:08:47,303,Index Page Lazy Data,200,OK,Business Scenario 1-5,text,true,,7469,761,16,16,303,0,0
2018/09/17 17:08:47,271,Index Page Lazy Data,200,OK,Business Scenario 1-2,text,true,,7469,761,16,16,271,0,0
2018/09/17 17:08:47,701,Index Page,200,OK,Business Scenario 1-9,text,true,,79561,334,16,16,286,0,0
2018/09/17 17:08:47,968,Index Page,200,OK,Business Scenario 1-8,text,true,,79571,334,16,16,547,0,0
2018/09/17 17:08:47,853,Load Initial Calendar,200,OK,Business Scenario 1-6,text,true,,55366,1025,16,16,575,0,279
2018/09/17 17:08:46,1798,Login,200,OK,Business Scenario 1-11,text,true,,66363,1686,16,16,937,0,644
2018/09/17 17:08:46,1613,Login,200,OK,Business Scenario 1-12,text,true,,66370,1686,17,17,906,0,611
2018/09/17 17:08:47,871,Load Initial Calendar,200,OK,Business Scenario 1-7,text,true,,55374,1025,17,17,600,0,287
2018/09/17 17:08:48,249,Index Page Lazy Data,200,OK,Business Scenario 1-6,text,true,,7468,761,17,17,249,0,0
2018/09/17 17:08:47,1547,Login,200,OK,Business Scenario 1-13,text,true,,66354,1686,17,17,909,0,601
2018/09/17 17:08:47,803,Index Page,200,OK,Business Scenario 1-10,text,true,,79548,334,18,18,386,0,0
2018/09/17 17:08:48,350,Index Page Lazy Data,200,OK,Business Scenario 1-7,text,true,,7469,761,18,18,350,0,0
2018/09/17 17:08:48,866,Load Initial Calendar,200,OK,Business Scenario 1-9,text,true,,55350,1025,19,19,587,0,285
2018/09/17 17:08:47,1616,Login,200,OK,Business Scenario 1-14,text,true,,66348,1686,19,19,909,0,607
2018/09/17 17:08:48,869,Load Initial Calendar,200,OK,Business Scenario 1-8,text,true,,55326,1025,19,19,590,0,282
2018/09/17 17:08:48,747,Index Page,200,OK,Business Scenario 1-12,text,true,,79554,334,19,19,327,0,0
2018/09/17 17:08:48,855,Index Page,200,OK,Business Scenario 1-11,text,true,,79548,334,19,19,437,0,0
2018/09/17 17:08:47,1612,Login,200,OK,Business Scenario 1-15,text,true,,66344,1686,20,20,919,0,614
2018/09/17 17:08:49,288,Index Page Lazy Data,200,OK,Business Scenario 1-9,text,true,,7469,761,20,20,288,0,0
2018/09/17 17:08:49,265,Index Page Lazy Data,200,OK,Business Scenario 1-8,text,true,,7469,761,20,20,265,0,0
2018/09/17 17:08:48,800,Index Page,200,OK,Business Scenario 1-13,text,true,,79559,334,20,20,249,0,0
2018/09/17 17:08:48,1557,Login,200,OK,Business Scenario 1-16,text,true,,66353,1686,21,21,920,0,612
2018/09/17 17:08:48,994,Load Initial Calendar,200,OK,Business Scenario 1-10,text,true,,55366,1025,21,21,579,0,280
2018/09/17 17:08:49,706,Index Page,200,OK,Business Scenario 1-14,text,true,,79563,334,21,21,289,0,0
2018/09/17 17:08:49,255,Index Page Lazy Data,200,OK,Business Scenario 1-10,text,true,,7469,761,22,22,255,0,0
2018/09/17 17:08:49,851,Load Initial Calendar,200,OK,Business Scenario 1-11,text,true,,55366,1025,22,22,576,0,281
2018/09/17 17:08:48,1699,Login,200,OK,Business Scenario 1-17,text,true,,66351,1686,22,22,907,0,609
2018/09/17 17:08:49,680,Index Page,200,OK,Business Scenario 1-15,text,true,,79569,334,22,22,265,0,0
2018/09/17 17:08:49,996,Load Initial Calendar,200,OK,Business Scenario 1-12,text,true,,55366,1025,22,22,579,0,281
2018/09/17 17:08:50,251,Index Page Lazy Data,200,OK,Business Scenario 1-11,text,true,,7468,761,23,23,251,0,0
2018/09/17 17:08:49,677,Index Page,200,OK,Business Scenario 1-16,text,true,,79577,334,23,23,260,0,0
2018/09/17 17:08:49,861,Load Initial Calendar,200,OK,Business Scenario 1-13,text,true,,55366,1025,23,23,583,0,280
2018/09/17 17:08:48,1709,Login,200,OK,Business Scenario 1-18,text,true,,66343,1686,23,23,923,0,613
2018/09/17 17:08:50,262,Index Page Lazy Data,200,OK,Business Scenario 1-12,text,true,,7469,761,23,23,262,0,0
2018/09/17 17:08:50,243,Index Page Lazy Data,200,OK,Business Scenario 1-13,text,true,,7469,761,24,24,242,0,0
2018/09/17 17:08:49,853,Load Initial Calendar,200,OK,Business Scenario 1-14,text,true,,55326,1025,24,24,578,0,278
2018/09/17 17:08:50,800,Index Page,200,OK,Business Scenario 1-17,text,true,,79570,334,25,25,247,0,0
2018/09/17 17:08:50,864,Load Initial Calendar,200,OK,Business Scenario 1-15,text,true,,55357,1025,25,25,585,0,281
2018/09/17 17:08:50,313,Index Page Lazy Data,200,OK,Business Scenario 1-14,text,true,,7469,761,25,25,313,0,0
2018/09/17 17:08:49,1732,Login,200,OK,Business Scenario 1-20,text,true,,66350,1686,25,25,904,0,602
2018/09/17 17:08:50,864,Load Initial Calendar,200,OK,Business Scenario 1-16,text,true,,55349,1025,26,26,587,0,282
2018/09/17 17:08:50,803,Index Page,200,OK,Business Scenario 1-18,text,true,,79578,334,26,26,243,0,0
2018/09/17 17:08:50,279,Index Page Lazy Data,200,OK,Business Scenario 1-15,text,true,,7469,761,26,26,279,0,0
2018/09/17 17:08:49,1664,Login,200,OK,Business Scenario 1-21,text,true,,66356,1686,26,26,891,0,601
2018/09/17 17:08:51,284,Index Page Lazy Data,200,OK,Business Scenario 1-16,text,true,,7468,761,27,27,283,0,0
2018/09/17 17:08:49,1616,Login,200,OK,Business Scenario 1-22,text,true,,66340,1686,27,27,907,0,607
2018/09/17 17:08:49,2625,Login,200,OK,Business Scenario 1-19,text,true,,66351,1686,27,27,1961,0,1609
2018/09/17 17:08:50,1531,Login,200,OK,Business Scenario 1-23,text,true,,66355,1686,27,27,897,0,600
2018/09/17 17:08:47,3767,Monthly Attendance Start,200,OK,Business Scenario 1-3,text,true,,788980,438,27,27,700,0,0
2018/09/17 17:08:47,3802,Monthly Attendance Start,200,OK,Business Scenario 1-1,text,true,,790513,438,27,27,740,0,0
2018/09/17 17:08:47,3734,Monthly Attendance Start,200,OK,Business Scenario 1-4,text,true,,788931,438,27,27,700,0,0
2018/09/17 17:08:51,794,Index Page,200,OK,Business Scenario 1-20,text,true,,79570,334,28,28,376,0,0
2018/09/17 17:08:50,1156,Load Initial Calendar,200,OK,Business Scenario 1-17,text,true,,55366,1025,29,29,595,0,283
2018/09/17 17:08:51,800,Index Page,200,OK,Business Scenario 1-21,text,true,,79570,334,29,29,247,0,0
2018/09/17 17:08:51,881,Load Initial Calendar,200,OK,Business Scenario 1-18,text,true,,55349,1025,29,29,604,0,285
2018/09/17 17:08:51,436,Input Page Lazy Data,200,OK,Business Scenario 1-3,text,true,,7469,885,29,29,436,0,279
2018/09/17 17:08:51,686,Index Page,200,OK,Business Scenario 1-22,text,true,,79563,334,29,29,267,0,0
2018/09/17 17:08:51,455,Input Page Lazy Data,200,OK,Business Scenario 1-1,text,true,,7467,885,29,29,455,0,283
2018/09/17 17:08:51,460,Input Page Lazy Data,200,OK,Business Scenario 1-4,text,true,,7469,885,29,29,460,0,283
2018/09/17 17:08:48,4098,Monthly Attendance Start,200,OK,Business Scenario 1-5,text,true,,788763,438,29,29,888,0,0
2018/09/17 17:08:52,276,Index Page Lazy Data,200,OK,Business Scenario 1-17,text,true,,7469,761,29,29,276,0,0
2018/09/17 17:08:50,1834,Login,200,OK,Business Scenario 1-24,text,true,,66349,1686,29,29,907,0,607
2018/09/17 17:08:52,296,Index Page Lazy Data,200,OK,Business Scenario 1-18,text,true,,7469,761,30,30,296,0,0
2018/09/17 17:08:51,655,Index Page,200,OK,Business Scenario 1-23,text,true,,79569,334,30,30,243,0,0
2018/09/17 17:08:50,1667,Login,200,OK,Business Scenario 1-25,text,true,,66356,1686,30,30,921,0,608
2018/09/17 17:08:51,1087,Index Page,200,OK,Business Scenario 1-19,text,true,,79570,334,31,31,671,0,278
2018/09/17 17:08:52,438,Input Page Lazy Data,200,OK,Business Scenario 1-5,text,true,,7469,885,31,31,438,0,281
2018/09/17 17:08:48,4228,Monthly Attendance Start,200,OK,Business Scenario 1-6,text,true,,788860,438,31,31,792,0,0
2018/09/17 17:08:51,1003,Load Initial Calendar,200,OK,Business Scenario 1-20,text,true,,55334,1025,31,31,587,0,281
2018/09/17 17:08:51,1770,Login,200,OK,Business Scenario 1-26,text,true,,66359,1686,31,31,915,0,611
2018/09/17 17:08:52,864,Load Initial Calendar,200,OK,Business Scenario 1-22,text,true,,55350,1025,32,32,585,0,280
2018/09/17 17:08:52,247,Index Page Lazy Data,200,OK,Business Scenario 1-20,text,true,,7469,761,32,32,247,0,0
2018/09/17 17:08:48,4193,Monthly Attendance Start,200,OK,Business Scenario 1-7,text,true,,789068,438,32,32,707,0,0
2018/09/17 17:08:52,1041,Load Initial Calendar,200,OK,Business Scenario 1-21,text,true,,55374,1025,32,32,622,0,284
2018/09/17 17:08:51,1700,Login,200,OK,Business Scenario 1-27,text,true,,66357,1686,32,32,924,0,609
2018/09/17 17:08:52,438,Load Initial Calendar,200,OK,Business Scenario 1-19,text,true,,55318,1025,32,32,164,0,0
2018/09/17 17:08:49,3706,Monthly Attendance Start,200,OK,Business Scenario 1-9,text,true,,789220,438,32,32,630,0,0
2018/09/17 17:08:52,684,Index Page,200,OK,Business Scenario 1-25,text,true,,79569,334,32,32,260,0,0
2018/09/17 17:08:49,3740,Monthly Attendance Start,200,OK,Business Scenario 1-8,text,true,,789171,438,32,32,634,0,0
2018/09/17 17:08:52,856,Index Page,200,OK,Business Scenario 1-24,text,true,,79570,334,32,32,437,0,0
2018/09/17 17:08:52,856,Load Initial Calendar,200,OK,Business Scenario 1-23,text,true,,55356,1025,32,32,580,0,281
2018/09/17 17:08:52,453,Input Page Lazy Data,200,OK,Business Scenario 1-6,text,true,,7468,885,32,32,453,0,282
2018/09/17 17:08:51,1516,Login,200,OK,Business Scenario 1-28,text,true,,66343,1686,33,33,927,0,602
2018/09/17 17:08:53,305,Index Page Lazy Data,200,OK,Business Scenario 1-22,text,true,,7469,761,33,33,305,0,0
2018/09/17 17:08:53,273,Index Page Lazy Data,200,OK,Business Scenario 1-21,text,true,,7468,761,33,33,273,0,0
2018/09/17 17:08:53,269,Index Page Lazy Data,200,OK,Business Scenario 1-19,text,true,,7469,761,33,33,269,0,0
2018/09/17 17:08:53,260,Index Page Lazy Data,200,OK,Business Scenario 1-23,text,true,,7469,761,33,33,260,0,0
2018/09/17 17:08:53,435,Input Page Lazy Data,200,OK,Business Scenario 1-9,text,true,,7469,885,34,34,435,0,279
2018/09/17 17:08:53,449,Input Page Lazy Data,200,OK,Business Scenario 1-8,text,true,,7469,885,34,34,449,0,286
2018/09/17 17:08:52,795,Index Page,200,OK,Business Scenario 1-26,text,true,,79569,334,34,34,235,0,0
2018/09/17 17:08:53,529,Index Page,200,OK,Business Scenario 1-28,text,true,,79564,334,34,34,250,0,0
2018/09/17 17:08:52,1828,Login,200,OK,Business Scenario 1-29,text,true,,66351,1686,34,34,912,0,607
2018/09/17 17:08:52,1515,Login,200,OK,Business Scenario 1-30,text,true,,66345,1686,34,34,925,0,615
2018/09/17 17:08:53,730,Load Initial Calendar,200,OK,Business Scenario 1-25,text,true,,55366,1025,35,35,590,0,286
2018/09/17 17:08:53,716,Load Initial Calendar,200,OK,Business Scenario 1-24,text,true,,55366,1025,35,35,577,0,279
2018/09/17 17:08:48,5745,Monthly Attendance Start,200,OK,Business Scenario 1-2,text,true,,719469,438,35,35,1194,0,280
2018/09/17 17:08:53,887,Input Page Lazy Data,200,OK,Business Scenario 1-7,text,true,,7469,885,35,35,887,0,725
2018/09/17 17:08:53,976,Index Page,200,OK,Business Scenario 1-27,text,true,,79561,334,35,35,559,0,0
2018/09/17 17:08:53,288,Index Page Lazy Data,200,OK,Business Scenario 1-25,text,true,,7467,761,36,36,288,0,0
2018/09/17 17:08:53,295,Index Page Lazy Data,200,OK,Business Scenario 1-24,text,true,,7469,761,36,36,295,0,0
2018/09/17 17:08:52,1594,Login,200,OK,Business Scenario 1-31,text,true,,66339,1686,36,36,905,0,602
2018/09/17 17:08:52,1995,Load Validation Item,200,OK,Business Scenario 1-1,text,true,,255839,519720,36,36,882,0,0
2018/09/17 17:08:52,2014,Load Validation Item,200,OK,Business Scenario 1-4,text,true,,255257,518728,36,36,886,0,0
2018/09/17 17:08:50,4326,Monthly Attendance Start,200,OK,Business Scenario 1-10,text,true,,789204,438,36,36,811,0,0
2018/09/17 17:08:53,1446,Login,200,OK,Business Scenario 1-32,text,true,,66356,1686,36,36,905,0,604
2018/09/17 17:08:54,449,Input Page Lazy Data,200,OK,Business Scenario 1-2,text,true,,7469,885,36,36,449,0,282
2018/09/17 17:08:53,554,Index Page,200,OK,Business Scenario 1-30,text,true,,79548,334,36,36,270,0,0
2018/09/17 17:08:53,876,Load Initial Calendar,200,OK,Business Scenario 1-26,text,true,,55334,1025,37,37,595,0,285
2018/09/17 17:08:52,2402,Load Validation Item,200,OK,Business Scenario 1-3,text,true,,255224,518728,37,37,887,0,0
2018/09/17 17:08:53,873,Load Initial Calendar,200,OK,Business Scenario 1-28,text,true,,55366,1025,37,37,600,0,293
2018/09/17 17:08:54,444,Input Page Lazy Data,200,OK,Business Scenario 1-10,text,true,,7469,885,38,38,444,0,283
2018/09/17 17:08:50,4327,Monthly Attendance Start,200,OK,Business Scenario 1-12,text,true,,789156,438,37,37,842,0,0
2018/09/17 17:08:54,280,Index Page Lazy Data,200,OK,Business Scenario 1-26,text,true,,7468,761,38,38,280,0,0
2018/09/17 17:08:53,1081,Index Page,200,OK,Business Scenario 1-29,text,true,,79538,334,38,38,392,0,0
2018/09/17 17:08:54,697,Index Page,200,OK,Business Scenario 1-31,text,true,,79567,334,38,38,282,0,0
2018/09/17 17:08:54,266,Index Page Lazy Data,200,OK,Business Scenario 1-28,text,true,,7469,761,38,38,266,0,0
2018/09/17 17:08:53,1712,Login,200,OK,Business Scenario 1-33,text,true,,66349,1686,38,38,915,0,602
2018/09/17 17:08:51,3738,Monthly Attendance Start,200,OK,Business Scenario 1-15,text,true,,789204,438,38,38,669,0,0
2018/09/17 17:08:54,1005,Load Initial Calendar,200,OK,Business Scenario 1-27,text,true,,55350,1025,39,39,584,0,282
2018/09/17 17:08:53,1568,Login,200,OK,Business Scenario 1-34,text,true,,66351,1686,39,39,920,0,609
2018/09/17 17:08:51,4091,Monthly Attendance Start,200,OK,Business Scenario 1-14,text,true,,789212,438,38,38,637,0,0
2018/09/17 17:08:54,723,Load Initial Calendar,200,OK,Business Scenario 1-30,text,true,,55326,1025,39,39,584,0,281
2018/09/17 17:08:52,2411,Load Validation Item,200,OK,Business Scenario 1-5,text,true,,255272,518728,39,39,885,0,0
2018/09/17 17:08:54,800,Index Page,200,OK,Business Scenario 1-32,text,true,,79571,334,39,39,386,0,0
2018/09/17 17:08:54,436,Input Page Lazy Data,200,OK,Business Scenario 1-12,text,true,,7469,885,39,39,436,0,280
2018/09/17 17:08:53,1438,Login,200,OK,Business Scenario 1-35,text,true,,66351,1686,39,39,926,0,631
2018/09/17 17:08:55,265,Index Page Lazy Data,200,OK,Business Scenario 1-27,text,true,,7469,761,39,39,265,0,0
2018/09/17 17:08:53,2161,Load Validation Item,200,OK,Business Scenario 1-6,text,true,,255082,518728,40,40,1048,0,0
2018/09/17 17:08:55,283,Index Page Lazy Data,200,OK,Business Scenario 1-30,text,true,,7469,761,40,40,283,0,0
2018/09/17 17:08:53,1871,Load Validation Item,200,OK,Business Scenario 1-9,text,true,,255272,518728,40,40,899,0,0
2018/09/17 17:08:50,4790,Monthly Attendance Start,200,OK,Business Scenario 1-13,text,true,,761279,438,39,39,716,0,0
2018/09/17 17:08:55,476,Input Page Lazy Data,200,OK,Business Scenario 1-15,text,true,,7469,885,40,40,476,0,278
2018/09/17 17:08:55,435,Input Page Lazy Data,200,OK,Business Scenario 1-14,text,true,,7469,885,40,40,435,0,280
2018/09/17 17:08:50,5218,Monthly Attendance Start,200,OK,Business Scenario 1-11,text,true,,788795,438,40,40,795,0,0
2018/09/17 17:08:53,2037,Load Validation Item,200,OK,Business Scenario 1-8,text,true,,255256,518728,40,40,920,0,0
2018/09/17 17:08:55,798,Index Page,200,OK,Business Scenario 1-33,text,true,,79571,334,41,41,380,0,0
2018/09/17 17:08:55,878,Load Initial Calendar,200,OK,Business Scenario 1-29,text,true,,55334,1025,41,41,600,0,285
2018/09/17 17:08:55,712,Index Page,200,OK,Business Scenario 1-34,text,true,,79524,334,41,41,297,0,0
2018/09/17 17:08:54,1684,Login,200,OK,Business Scenario 1-36,text,true,,66345,1686,41,41,898,0,605
2018/09/17 17:08:54,1410,Login,200,OK,Business Scenario 1-37,text,true,,66349,1686,41,41,905,0,605
2018/09/17 17:08:55,571,Index Page,200,OK,Business Scenario 1-35,text,true,,79562,334,41,41,295,0,0
2018/09/17 17:08:55,439,Input Page Lazy Data,200,OK,Business Scenario 1-13,text,true,,7469,885,41,41,439,0,278
2018/09/17 17:08:55,736,Load Initial Calendar,200,OK,Business Scenario 1-32,text,true,,55318,1025,41,41,596,0,281
2018/09/17 17:08:55,449,Input Page Lazy Data,200,OK,Business Scenario 1-11,text,true,,7468,885,42,42,449,0,280
2018/09/17 17:08:55,290,Index Page Lazy Data,200,OK,Business Scenario 1-29,text,true,,7469,761,42,42,290,0,0
2018/09/17 17:08:56,284,Index Page Lazy Data,200,OK,Business Scenario 1-32,text,true,,7469,761,42,42,284,0,0
2018/09/17 17:08:55,1333,Load Initial Calendar,200,OK,Business Scenario 1-31,text,true,,55318,1025,42,42,921,0,278
2018/09/17 17:08:54,1571,Login,200,OK,Business Scenario 1-38,text,true,,66334,1686,43,43,897,0,605
2018/09/17 17:08:55,536,Index Page,200,OK,Business Scenario 1-37,text,true,,79523,334,43,43,258,0,0
2018/09/17 17:08:55,1428,Login,200,OK,Business Scenario 1-39,text,true,,66363,1686,43,43,905,0,603
2018/09/17 17:08:56,276,Index Page Lazy Data,200,OK,Business Scenario 1-31,text,true,,7469,761,43,43,276,0,0
2018/09/17 17:08:54,2317,Confirmation,200,OK,Business Scenario 1-4,text,true,,25746,518774,43,43,2316,0,290
2018/09/17 17:08:55,722,Load Initial Calendar,200,OK,Business Scenario 1-35,text,true,,55334,1025,43,43,583,0,282
2018/09/17 17:08:54,2397,Confirmation,200,OK,Business Scenario 1-1,text,true,,26829,519766,44,44,2396,0,285
2018/09/17 17:08:55,828,Index Page,200,OK,Business Scenario 1-36,text,true,,79535,334,44,44,412,0,0
2018/09/17 17:08:56,307,Load Initial Calendar,200,OK,Business Scenario 1-37,text,true,,55318,1025,44,44,169,0,0
2018/09/17 17:08:55,988,Load Initial Calendar,200,OK,Business Scenario 1-33,text,true,,55366,1025,44,44,576,0,280
2018/09/17 17:08:51,5259,Monthly Attendance Start,200,OK,Business Scenario 1-16,text,true,,789164,438,44,44,629,0,0
2018/09/17 17:08:55,1003,Load Initial Calendar,200,OK,Business Scenario 1-34,text,true,,55366,1025,44,44,585,0,282
2018/09/17 17:08:54,2337,Confirmation,200,OK,Business Scenario 1-3,text,true,,25747,518774,44,44,2336,0,283
2018/09/17 17:08:56,297,Index Page Lazy Data,200,OK,Business Scenario 1-35,text,true,,7469,761,44,44,297,0,0
2018/09/17 17:08:55,1538,Login,200,OK,Business Scenario 1-40,text,true,,66355,1686,45,45,897,0,602
2018/09/17 17:08:56,275,Index Page Lazy Data,200,OK,Business Scenario 1-33,text,true,,7469,761,45,45,275,0,0
2018/09/17 17:08:56,461,Logout,200,OK,Business Scenario 1-4,text,true,,3858,739,45,45,461,0,279
2018/09/17 17:08:56,692,Index Page,200,OK,Business Scenario 1-38,text,true,,79563,334,44,44,279,0,0
2018/09/17 17:08:56,550,Index Page,200,OK,Business Scenario 1-39,text,true,,79563,334,44,44,273,0,0
2018/09/17 17:08:54,2303,Load Validation Item,200,OK,Business Scenario 1-10,text,true,,255217,518728,44,44,1324,0,0
2018/09/17 17:08:55,1410,Login,200,OK,Business Scenario 1-41,text,true,,66348,1686,44,44,902,0,605
2018/09/17 17:08:56,481,Logout,200,OK,Business Scenario 1-1,text,true,,3860,739,44,44,481,0,282
2018/09/17 17:08:56,260,Index Page Lazy Data,200,OK,Business Scenario 1-34,text,true,,7469,761,43,43,260,0,0
2018/09/17 17:08:55,1993,Load Validation Item,200,OK,Business Scenario 1-12,text,true,,255265,518728,44,44,1027,0,0
2018/09/17 17:08:54,3311,Load Validation Item,200,OK,Business Scenario 1-7,text,true,,255288,518728,44,44,1047,0,0
2018/09/17 17:08:54,3068,Monthly Attendance Start,200,OK,Business Scenario 1-25,text,true,,788786,438,44,44,692,0,0
2018/09/17 17:08:56,580,Input Page Lazy Data,200,OK,Business Scenario 1-16,text,true,,7468,885,44,44,580,0,281
2018/09/17 17:08:56,488,Logout,200,OK,Business Scenario 1-3,text,true,,3860,739,44,44,488,0,281
2018/09/17 17:08:56,720,Index Page Lazy Data,200,OK,Business Scenario 1-37,text,true,,7469,761,43,43,720,0,279
2018/09/17 17:08:56,1464,Login,200,OK,Business Scenario 1-42,text,true,,66359,1686,43,43,915,0,605
2018/09/17 17:08:57,416,Load Initial Calendar,200,OK,Business Scenario 1-39,text,true,,55358,1025,43,43,277,0,0
2018/09/17 17:08:56,855,Load Initial Calendar,200,OK,Business Scenario 1-36,text,true,,55365,1025,44,44,717,0,278
2018/09/17 17:08:55,2026,Load Validation Item,200,OK,Business Scenario 1-14,text,true,,255176,518728,44,44,913,0,0
2018/09/17 17:08:55,2464,Confirmation,200,OK,Business Scenario 1-5,text,true,,25746,518774,44,44,2463,0,287
2018/09/17 17:08:57,686,Index Page,200,OK,Business Scenario 1-40,text,true,,79545,334,44,44,409,0,0
2018/09/17 17:08:52,5267,Monthly Attendance Start,200,OK,Business Scenario 1-18,text,true,,789172,438,44,44,675,0,0
2018/09/17 17:08:57,456,Input Page Lazy Data,200,OK,Business Scenario 1-25,text,true,,7467,885,44,44,456,0,281
2018/09/17 17:08:57,676,Index Page,200,OK,Business Scenario 1-41,text,true,,79579,334,44,44,398,0,0
2018/09/17 17:08:53,4334,Monthly Attendance Start,200,OK,Business Scenario 1-19,text,true,,788716,438,44,44,747,0,0
2018/09/17 17:08:54,3425,Load Validation Item,200,OK,Business Scenario 1-2,text,true,,225304,468495,44,44,1169,0,0
2018/09/17 17:08:57,293,Index Page Lazy Data,200,OK,Business Scenario 1-36,text,true,,7468,761,45,45,292,0,0
2018/09/17 17:08:56,1571,Login,200,OK,Business Scenario 1-43,text,true,,66339,1686,45,45,1037,0,611
2018/09/17 17:08:57,883,Load Initial Calendar,200,OK,Business Scenario 1-38,text,true,,55374,1025,45,45,619,0,296
2018/09/17 17:08:55,2600,Confirmation,200,OK,Business Scenario 1-6,text,true,,25746,518774,45,45,2598,0,283
2018/09/17 17:08:57,537,Index Page Lazy Data,200,OK,Business Scenario 1-39,text,true,,7469,761,45,45,537,0,279
2018/09/17 17:08:55,2147,Load Validation Item,200,OK,Business Scenario 1-13,text,true,,236434,497558,45,45,1317,0,0
2018/09/17 17:08:56,1431,Login,200,OK,Business Scenario 1-44,text,true,,66337,1686,45,45,910,0,603
2018/09/17 17:08:57,563,Index Page,200,OK,Business Scenario 1-42,text,true,,79516,334,45,45,278,0,0
2018/09/17 17:08:57,477,Logout,200,OK,Business Scenario 1-5,text,true,,3858,739,45,45,477,0,284
2018/09/17 17:08:55,2648,Confirmation,200,OK,Business Scenario 1-9,text,true,,25730,518774,44,44,2509,0,283
2018/09/17 17:08:54,3856,Monthly Attendance Start,200,OK,Business Scenario 1-24,text,true,,788980,438,45,45,670,0,0
2018/09/17 17:08:57,442,Input Page Lazy Data,200,OK,Business Scenario 1-18,text,true,,7469,885,45,45,442,0,281
2018/09/17 17:08:55,2574,Confirmation,200,OK,Business Scenario 1-8,text,true,,25739,518774,45,45,2573,0,287
2018/09/17 17:08:57,445,Input Page Lazy Data,200,OK,Business Scenario 1-19,text,true,,7469,885,45,45,445,0,282
2018/09/17 17:08:58,315,Index Page Lazy Data,200,OK,Business Scenario 1-38,text,true,,7469,761,45,45,315,0,0
2018/09/17 17:08:57,733,Load Initial Calendar,200,OK,Business Scenario 1-40,text,true,,55342,1025,45,45,593,0,283
2018/09/17 17:08:53,4848,Monthly Attendance Start,200,OK,Business Scenario 1-23,text,true,,790481,438,45,45,688,0,0
2018/09/17 17:08:57,575,Index Page,200,OK,Business Scenario 1-43,text,true,,79540,334,46,46,296,0,0
2018/09/17 17:08:56,1553,Login,200,OK,Business Scenario 1-45,text,true,,66349,1686,46,46,912,0,604
2018/09/17 17:08:58,482,Logout,200,OK,Business Scenario 1-6,text,true,,3858,739,46,46,482,0,281
2018/09/17 17:08:58,459,Logout,200,OK,Business Scenario 1-9,text,true,,3858,739,45,45,459,0,281
2018/09/17 17:08:58,437,Input Page Lazy Data,200,OK,Business Scenario 1-24,text,true,,7469,885,44,44,437,0,277
2018/09/17 17:08:55,3094,Monthly Attendance Start,200,OK,Business Scenario 1-30,text,true,,788955,438,45,45,722,0,0
2018/09/17 17:08:58,527,Index Page,200,OK,Business Scenario 1-44,text,true,,79576,334,44,44,251,0,0
2018/09/17 17:08:58,264,Index Page Lazy Data,200,OK,Business Scenario 1-40,text,true,,7469,761,44,44,264,0,0
2018/09/17 17:08:57,862,Load Initial Calendar,200,OK,Business Scenario 1-41,text,true,,55358,1025,44,44,585,0,279
2018/09/17 17:08:57,1488,Login,200,OK,Business Scenario 1-46,text,true,,66350,1686,44,44,916,0,601
2018/09/17 17:08:58,513,Logout,200,OK,Business Scenario 1-8,text,true,,3862,739,44,44,513,0,281
2018/09/17 17:08:58,721,Load Initial Calendar,200,OK,Business Scenario 1-42,text,true,,55358,1025,44,44,582,0,280
2018/09/17 17:08:58,440,Input Page Lazy Data,200,OK,Business Scenario 1-23,text,true,,7469,885,44,44,440,0,281
2018/09/17 17:08:53,5726,Monthly Attendance Start,200,OK,Business Scenario 1-20,text,true,,789156,438,44,44,859,0,0
2018/09/17 17:08:58,304,Load Initial Calendar,200,OK,Business Scenario 1-44,text,true,,55318,1025,44,44,166,0,0
2018/09/17 17:08:58,262,Index Page Lazy Data,200,OK,Business Scenario 1-41,text,true,,7468,761,44,44,261,0,0
2018/09/17 17:08:57,1412,Login,200,OK,Business Scenario 1-47,text,true,,66344,1686,44,44,904,0,614
2018/09/17 17:08:55,3506,Load Validation Item,200,OK,Business Scenario 1-15,text,true,,255105,518728,44,44,1434,0,0
2018/09/17 17:08:58,255,Index Page Lazy Data,200,OK,Business Scenario 1-42,text,true,,7469,761,44,44,255,0,0
2018/09/17 17:08:52,6647,Monthly Attendance Start,200,OK,Business Scenario 1-17,text,true,,789172,438,44,44,854,0,0
2018/09/17 17:08:58,442,Input Page Lazy Data,200,OK,Business Scenario 1-30,text,true,,7469,885,44,44,441,0,278
2018/09/17 17:08:53,5699,Monthly Attendance Start,200,OK,Business Scenario 1-22,text,true,,789108,438,44,44,704,0,0
2018/09/17 17:08:58,721,Load Initial Calendar,200,OK,Business Scenario 1-43,text,true,,55318,1025,45,45,581,0,281
2018/09/17 17:08:56,3200,Load Validation Item,200,OK,Business Scenario 1-11,text,true,,255168,518728,45,45,1679,0,0
2018/09/17 17:08:58,528,Index Page,200,OK,Business Scenario 1-46,text,true,,79564,334,45,45,245,0,0
2018/09/17 17:08:54,4304,Monthly Attendance Start,200,OK,Business Scenario 1-26,text,true,,788755,438,45,45,805,0,0
2018/09/17 17:08:58,861,Index Page,200,OK,Business Scenario 1-45,text,true,,79569,334,45,45,308,0,0
2018/09/17 17:08:55,4344,Monthly Attendance Start,200,OK,Business Scenario 1-28,text,true,,788915,438,45,45,896,0,0
2018/09/17 17:08:57,1683,Login,200,OK,Business Scenario 1-48,text,true,,66352,1686,46,46,905,0,601
2018/09/17 17:08:58,1530,Login,200,OK,Business Scenario 1-49,text,true,,66348,1686,46,46,874,0,605
2018/09/17 17:08:56,3529,Monthly Attendance Start,200,OK,Business Scenario 1-32,text,true,,789092,438,47,47,744,0,0
2018/09/17 17:08:56,3840,Monthly Attendance Start,200,OK,Business Scenario 1-29,text,true,,788739,438,47,47,777,0,0
2018/09/17 17:08:53,6678,Monthly Attendance Start,200,OK,Business Scenario 1-21,text,true,,789019,438,48,48,985,0,0
2018/09/17 17:08:57,2849,Load Validation Item,200,OK,Business Scenario 1-16,text,true,,255202,518728,48,48,1018,0,0
2018/09/17 17:08:56,3347,Monthly Attendance Start,200,OK,Business Scenario 1-35,text,true,,789186,438,48,48,973,0,0
2018/09/17 17:08:58,1623,Input Page Lazy Data,200,OK,Business Scenario 1-20,text,true,,7469,885,49,49,1622,0,283
2018/09/17 17:08:59,1500,Input Page Lazy Data,200,OK,Business Scenario 1-17,text,true,,7469,885,49,49,1500,0,281
2018/09/17 17:08:59,1402,Input Page Lazy Data,200,OK,Business Scenario 1-22,text,true,,7469,885,49,49,1402,0,298
2018/09/17 17:08:59,1260,Input Page Lazy Data,200,OK,Business Scenario 1-26,text,true,,7468,885,49,49,1260,0,277
2018/09/17 17:08:59,783,Input Page Lazy Data,200,OK,Business Scenario 1-32,text,true,,7469,885,50,50,783,0,280
2018/09/17 17:08:59,1179,Input Page Lazy Data,200,OK,Business Scenario 1-28,text,true,,7469,885,50,50,1179,0,282
2018/09/17 17:09:00,598,Input Page Lazy Data,200,OK,Business Scenario 1-29,text,true,,7469,885,50,50,598,0,278
2018/09/17 17:09:00,512,Input Page Lazy Data,200,OK,Business Scenario 1-21,text,true,,7468,885,50,50,512,0,282
2018/09/17 17:08:59,1568,Index Page Lazy Data,200,OK,Business Scenario 1-43,text,true,,7469,761,50,50,1567,0,0
2018/09/17 17:08:58,2564,Load Validation Item,200,OK,Business Scenario 1-18,text,true,,255256,518728,50,50,895,0,0
2018/09/17 17:09:00,457,Input Page Lazy Data,200,OK,Business Scenario 1-35,text,true,,7469,885,50,50,457,0,280
2018/09/17 17:08:58,1891,Index Page Lazy Data,200,OK,Business Scenario 1-44,text,true,,7469,761,50,50,1891,0,281
2018/09/17 17:08:59,1521,Load Initial Calendar,200,OK,Business Scenario 1-46,text,true,,55318,1025,50,50,1244,0,279
2018/09/17 17:08:59,1856,Index Page,200,OK,Business Scenario 1-47,text,true,,79528,334,50,50,1577,0,0
2018/09/17 17:08:57,3612,Confirmation,200,OK,Business Scenario 1-12,text,true,,25745,518774,50,50,3611,0,286
2018/09/17 17:08:57,3585,Confirmation,200,OK,Business Scenario 1-7,text,true,,25747,518774,50,50,3584,0,283
2018/09/17 17:08:59,1571,Load Initial Calendar,200,OK,Business Scenario 1-45,text,true,,55318,1025,51,51,1296,0,280
2018/09/17 17:08:59,1306,Index Page,200,OK,Business Scenario 1-49,text,true,,79555,334,51,51,1026,0,0
2018/09/17 17:08:58,2938,Monthly Attendance Start,200,OK,Business Scenario 1-39,text,true,,788789,438,51,51,727,0,0
2018/09/17 17:08:59,1392,Login,200,OK,Business Scenario 1-54,text,true,,12619,1732,51,51,1072,0,605
2018/09/17 17:09:00,318,Index Page Lazy Data,200,OK,Business Scenario 1-46,text,true,,7469,761,51,51,318,0,0
2018/09/17 17:08:58,2728,Login,200,OK,Business Scenario 1-50,text,true,,12622,1732,51,51,2149,0,612
2018/09/17 17:09:00,299,Index Page Lazy Data,200,OK,Business Scenario 1-45,text,true,,7469,761,52,52,299,0,0
2018/09/17 17:08:59,1794,Index Page,200,OK,Business Scenario 1-48,text,true,,79579,334,52,52,1378,0,0
2018/09/17 17:09:00,487,Logout,200,OK,Business Scenario 1-12,text,true,,3858,739,52,52,487,0,285
2018/09/17 17:09:00,486,Logout,200,OK,Business Scenario 1-7,text,true,,3859,739,51,51,486,0,283
2018/09/17 17:08:59,1977,Login,200,OK,Business Scenario 1-53,text,true,,66348,1686,50,50,1201,0,610
2018/09/17 17:08:58,2646,Login,200,OK,Business Scenario 1-51,text,true,,66361,1686,50,50,1881,0,605
2018/09/17 17:09:01,456,Input Page Lazy Data,200,OK,Business Scenario 1-39,text,true,,7469,885,50,50,456,0,283
2018/09/17 17:09:00,1594,Login,200,OK,Business Scenario 1-55,text,true,,66354,1686,51,51,956,0,622
2018/09/17 17:08:55,6196,Monthly Attendance Start,200,OK,Business Scenario 1-27,text,true,,788932,438,51,51,871,0,0
2018/09/17 17:09:01,660,Index Page,200,OK,Business Scenario 1-54,text,true,,79571,334,51,51,300,0,0
2018/09/17 17:08:59,2820,Login,200,OK,Business Scenario 1-52,text,true,,66351,1686,52,52,1555,0,608
2018/09/17 17:08:57,4176,Load Validation Item,200,OK,Business Scenario 1-25,text,true,,255105,518728,52,52,1037,0,0
2018/09/17 17:09:01,1001,Load Initial Calendar,200,OK,Business Scenario 1-49,text,true,,55366,1025,52,52,585,0,282
2018/09/17 17:08:57,4917,Monthly Attendance Start,200,OK,Business Scenario 1-34,text,true,,790489,438,52,52,1068,0,0
2018/09/17 17:09:00,1291,Load Initial Calendar,200,OK,Business Scenario 1-47,text,true,,55365,1025,52,52,875,0,282
2018/09/17 17:08:57,5182,Monthly Attendance Start,200,OK,Business Scenario 1-33,text,true,,788893,438,53,53,1032,0,0
2018/09/17 17:08:59,3276,Load Validation Item,200,OK,Business Scenario 1-30,text,true,,255090,518728,53,53,1613,0,0
2018/09/17 17:08:56,5705,Monthly Attendance Start,200,OK,Business Scenario 1-31,text,true,,788724,438,53,53,1009,0,0
2018/09/17 17:09:00,2063,Login,200,OK,Business Scenario 1-56,text,true,,66352,1686,53,53,934,0,611
2018/09/17 17:08:58,4324,Load Validation Item,200,OK,Business Scenario 1-19,text,true,,255097,518728,54,54,2435,0,0
2018/09/17 17:09:00,1992,Load Validation Item,200,OK,Business Scenario 1-26,text,true,,255240,518728,54,54,1028,0,0
2018/09/17 17:08:57,5383,Monthly Attendance Start,200,OK,Business Scenario 1-37,text,true,,789180,438,55,55,925,0,0
2018/09/17 17:09:02,660,Input Page Lazy Data,200,OK,Business Scenario 1-33,text,true,,7469,885,55,55,660,0,278
2018/09/17 17:09:02,635,Input Page Lazy Data,200,OK,Business Scenario 1-31,text,true,,7469,885,55,55,634,0,278
2018/09/17 17:09:02,874,Input Page Lazy Data,200,OK,Business Scenario 1-34,text,true,,7469,885,55,55,874,0,279
2018/09/17 17:09:01,1506,Input Page Lazy Data,200,OK,Business Scenario 1-27,text,true,,7469,885,56,56,1506,0,278
2018/09/17 17:09:00,2692,Load Validation Item,200,OK,Business Scenario 1-22,text,true,,255120,518728,56,56,1038,0,0
2018/09/17 17:09:01,1524,Load Initial Calendar,200,OK,Business Scenario 1-54,text,true,,55318,1025,56,56,1384,0,281
2018/09/17 17:08:58,4951,Monthly Attendance Start,200,OK,Business Scenario 1-38,text,true,,788835,438,56,56,772,0,0
2018/09/17 17:08:57,5612,Confirmation,200,OK,Business Scenario 1-2,text,true,,24746,468541,57,57,5611,0,281
2018/09/17 17:09:02,541,Input Page Lazy Data,200,OK,Business Scenario 1-37,text,true,,7469,885,57,57,541,0,281
2018/09/17 17:09:02,1507,Index Page Lazy Data,200,OK,Business Scenario 1-49,text,true,,7469,761,57,57,1506,0,0
2018/09/17 17:09:01,2206,Load Initial Calendar,200,OK,Business Scenario 1-48,text,true,,55326,1025,57,57,1793,0,279
2018/09/17 17:08:58,4935,Monthly Attendance Start,200,OK,Business Scenario 1-40,text,true,,788869,438,57,57,2126,0,0
2018/09/17 17:08:57,6054,Confirmation,200,OK,Business Scenario 1-14,text,true,,25739,518774,57,57,5772,0,284
2018/09/17 17:09:00,3139,Login,200,OK,Business Scenario 1-57,text,true,,66337,1686,58,58,2194,0,610
2018/09/17 17:09:02,1653,Index Page Lazy Data,200,OK,Business Scenario 1-47,text,true,,7469,761,58,58,1653,0,0
2018/09/17 17:09:03,527,Input Page Lazy Data,200,OK,Business Scenario 1-38,text,true,,7469,885,58,58,527,0,286
2018/09/17 17:09:01,1990,Login,200,OK,Business Scenario 1-61,text,true,,66361,1686,58,58,1346,0,605
2018/09/17 17:09:03,537,Index Page Lazy Data,200,OK,Business Scenario 1-54,text,true,,7469,761,58,58,537,0,0
2018/09/17 17:09:01,2621,Login,200,OK,Business Scenario 1-59,text,true,,66344,1686,58,58,1958,0,605
2018/09/17 17:09:02,1725,Login,200,OK,Business Scenario 1-62,text,true,,66331,1686,58,58,1066,0,604
2018/09/17 17:09:00,3260,Load Validation Item,200,OK,Business Scenario 1-32,text,true,,255082,518728,58,58,2289,0,0
2018/09/17 17:09:01,2458,Index Page,200,OK,Business Scenario 1-53,text,true,,79571,334,58,58,2023,0,0
2018/09/17 17:09:01,2316,Index Page,200,OK,Business Scenario 1-55,text,true,,79547,334,58,58,1901,0,0
2018/09/17 17:09:01,2738,Index Page,200,OK,Business Scenario 1-50,text,true,,79528,334,58,58,2321,0,0
2018/09/17 17:09:01,2442,Login,200,OK,Business Scenario 1-60,text,true,,66351,1686,58,58,1661,0,600
2018/09/17 17:09:00,3478,Load Validation Item,200,OK,Business Scenario 1-28,text,true,,255113,518728,59,59,2373,0,0
2018/09/17 17:08:58,5571,Load Validation Item,200,OK,Business Scenario 1-24,text,true,,255090,518728,59,59,2164,0,0
2018/09/17 17:09:00,3516,Load Validation Item,200,OK,Business Scenario 1-29,text,true,,255152,518728,59,59,2675,0,0
2018/09/17 17:08:59,5156,Confirmation,200,OK,Business Scenario 1-15,text,true,,25744,518774,59,59,5155,0,289
2018/09/17 17:09:03,741,Logout,200,OK,Business Scenario 1-2,text,true,,3861,739,59,59,741,0,291
2018/09/17 17:09:03,563,Input Page Lazy Data,200,OK,Business Scenario 1-40,text,true,,7469,885,58,58,563,0,281
2018/09/17 17:09:01,2769,Index Page,200,OK,Business Scenario 1-51,text,true,,79539,334,58,58,2351,0,281
2018/09/17 17:09:03,576,Logout,200,OK,Business Scenario 1-14,text,true,,3861,739,58,58,576,0,280
2018/09/17 17:09:02,1857,Index Page,200,OK,Business Scenario 1-56,text,true,,79554,334,57,57,1260,0,280
2018/09/17 17:09:02,1909,Login,200,OK,Business Scenario 1-63,text,true,,66341,1686,58,58,1004,0,604
2018/09/17 17:09:00,3440,Login,200,OK,Business Scenario 1-58,text,true,,66352,1686,58,58,2257,0,604
2018/09/17 17:08:58,5398,Monthly Attendance Start,200,OK,Business Scenario 1-41,text,true,,788964,438,58,58,2305,0,0
2018/09/17 17:09:02,1702,Login,200,OK,Business Scenario 1-64,text,true,,66346,1686,58,58,960,0,608
2018/09/17 17:09:01,2553,Index Page,200,OK,Business Scenario 1-52,text,true,,79558,334,58,58,1720,0,280
2018/09/17 17:08:58,5667,Load Validation Item,200,OK,Business Scenario 1-23,text,true,,255655,519720,58,58,4282,0,0
2018/09/17 17:08:58,6499,Confirmation,200,OK,Business Scenario 1-13,text,true,,25450,497604,58,58,6498,0,283
2018/09/17 17:09:03,1000,Index Page Lazy Data,200,OK,Business Scenario 1-48,text,true,,7469,761,58,58,1000,0,283
2018/09/17 17:09:00,4053,Load Validation Item,200,OK,Business Scenario 1-20,text,true,,255097,518728,58,58,2518,0,0
2018/09/17 17:09:03,800,Load Initial Calendar,200,OK,Business Scenario 1-53,text,true,,55326,1025,59,59,661,0,279
2018/09/17 17:09:04,755,Load Initial Calendar,200,OK,Business Scenario 1-50,text,true,,55318,1025,59,59,617,0,284
2018/09/17 17:09:03,776,Load Initial Calendar,200,OK,Business Scenario 1-55,text,true,,55318,1025,59,59,639,0,281
2018/09/17 17:09:00,3973,Load Validation Item,200,OK,Business Scenario 1-35,text,true,,255105,518728,59,59,2307,0,0
2018/09/17 17:08:59,5605,Confirmation,200,OK,Business Scenario 1-11,text,true,,25731,518774,59,59,5604,0,280
2018/09/17 17:09:04,601,Load Initial Calendar,200,OK,Business Scenario 1-56,text,true,,55318,1025,59,59,324,0,0
2018/09/17 17:09:03,1796,Login,200,OK,Business Scenario 1-65,text,true,,66360,1686,59,59,1110,0,601
2018/09/17 17:09:04,468,Input Page Lazy Data,200,OK,Business Scenario 1-41,text,true,,7468,885,59,59,468,0,278
2018/09/17 17:09:04,727,Logout,200,OK,Business Scenario 1-15,text,true,,3856,739,59,59,727,0,281
2018/09/17 17:09:00,4405,Load Validation Item,200,OK,Business Scenario 1-17,text,true,,255098,518728,59,59,2568,0,0
2018/09/17 17:09:03,1220,Index Page,200,OK,Business Scenario 1-57,text,true,,79571,334,59,59,941,0,0
2018/09/17 17:09:03,1165,Index Page,200,OK,Business Scenario 1-61,text,true,,79546,334,59,59,879,0,0
2018/09/17 17:09:01,3510,Load Validation Item,200,OK,Business Scenario 1-39,text,true,,255105,518728,59,59,2676,0,0
2018/09/17 17:09:03,1240,Index Page,200,OK,Business Scenario 1-62,text,true,,79554,334,59,59,960,0,0
2018/09/17 17:09:00,4535,Load Validation Item,200,OK,Business Scenario 1-21,text,true,,255168,518728,59,59,3576,0,0
2018/09/17 17:09:04,686,Logout,200,OK,Business Scenario 1-13,text,true,,3860,739,60,60,686,0,280
2018/09/17 17:09:03,1855,Login,200,OK,Business Scenario 1-66,text,true,,66333,1686,59,59,1026,0,602
2018/09/17 17:09:04,1184,Load Initial Calendar,200,OK,Business Scenario 1-51,text,true,,55341,1025,59,59,769,0,281
2018/09/17 17:08:59,6313,Monthly Attendance Start,200,OK,Business Scenario 1-42,text,true,,788770,438,59,59,3951,0,0
2018/09/17 17:09:04,603,Logout,200,OK,Business Scenario 1-11,text,true,,3856,739,59,59,603,0,282
2018/09/17 17:09:04,1136,Load Initial Calendar,200,OK,Business Scenario 1-52,text,true,,55350,1025,59,59,719,0,281
2018/09/17 17:08:57,7683,Monthly Attendance Start,200,OK,Business Scenario 1-36,text,true,,788747,438,59,59,890,0,0
2018/09/17 17:09:04,1459,Login,200,OK,Business Scenario 1-69,text,true,,66351,1686,59,59,944,0,604
2018/09/17 17:09:05,789,Load Initial Calendar,200,OK,Business Scenario 1-57,text,true,,55326,1025,59,59,650,0,285
2018/09/17 17:09:03,2811,Load Validation Item,200,OK,Business Scenario 1-33,text,true,,255231,518728,59,59,1430,0,0
2018/09/17 17:09:05,777,Load Initial Calendar,200,OK,Business Scenario 1-61,text,true,,55318,1025,59,59,637,0,279
2018/09/17 17:09:04,1806,Login,200,OK,Business Scenario 1-68,text,true,,66353,1686,59,59,1069,0,609
2018/09/17 17:09:03,2119,Login,200,OK,Business Scenario 1-67,text,true,,66347,1686,59,59,1181,0,609
2018/09/17 17:09:03,2489,Load Validation Item,200,OK,Business Scenario 1-37,text,true,,255105,518728,60,60,1233,0,0
2018/09/17 17:09:05,865,Load Initial Calendar,200,OK,Business Scenario 1-62,text,true,,55326,1025,60,60,727,0,281
2018/09/17 17:09:04,1354,Index Page Lazy Data,200,OK,Business Scenario 1-50,text,true,,7472,761,60,60,1354,0,0
2018/09/17 17:09:04,1406,Index Page Lazy Data,200,OK,Business Scenario 1-53,text,true,,7469,761,60,60,1406,0,0
2018/09/17 17:09:05,679,Input Page Lazy Data,200,OK,Business Scenario 1-42,text,true,,7469,885,60,60,679,0,282
2018/09/17 17:09:03,2960,Load Validation Item,200,OK,Business Scenario 1-27,text,true,,255097,518728,60,60,1852,0,0
2018/09/17 17:09:03,2300,Index Page,200,OK,Business Scenario 1-59,text,true,,79577,334,61,61,2022,0,281
2018/09/17 17:09:04,2181,Index Page,200,OK,Business Scenario 1-60,text,true,,79521,334,61,61,1905,0,286
2018/09/17 17:09:04,1484,Index Page Lazy Data,200,OK,Business Scenario 1-55,text,true,,7468,761,61,61,1483,0,0
2018/09/17 17:09:04,1360,Index Page Lazy Data,200,OK,Business Scenario 1-56,text,true,,7469,761,61,61,1360,0,281
2018/09/17 17:09:05,591,Input Page Lazy Data,200,OK,Business Scenario 1-36,text,true,,7468,885,61,61,591,0,285
2018/09/17 17:09:04,2004,Index Page,200,OK,Business Scenario 1-58,text,true,,79543,334,61,61,1583,0,0
2018/09/17 17:09:03,3447,Load Validation Item,200,OK,Business Scenario 1-31,text,true,,255082,518728,61,61,1019,0,0
2018/09/17 17:09:03,3480,Load Validation Item,200,OK,Business Scenario 1-34,text,true,,255726,519720,62,62,1379,0,0
2018/09/17 17:09:04,1883,Login,200,OK,Business Scenario 1-70,text,true,,66351,1686,62,62,1089,0,606
2018/09/17 17:09:04,2000,Index Page,200,OK,Business Scenario 1-64,text,true,,79571,334,62,62,1583,0,0
2018/09/17 17:09:04,1734,Index Page,200,OK,Business Scenario 1-65,text,true,,79523,334,62,62,1319,0,0
2018/09/17 17:09:04,2264,Index Page,200,OK,Business Scenario 1-63,text,true,,79568,334,62,62,1846,0,0
2018/09/17 17:09:05,1550,Index Page,200,OK,Business Scenario 1-66,text,true,,79523,334,62,62,999,0,0
2018/09/17 17:09:05,1651,Login,200,OK,Business Scenario 1-72,text,true,,66333,1686,63,63,1037,0,607
2018/09/17 17:09:03,3068,Load Validation Item,200,OK,Business Scenario 1-38,text,true,,255136,518728,63,63,1387,0,0
2018/09/17 17:09:06,802,Load Initial Calendar,200,OK,Business Scenario 1-60,text,true,,55318,1025,63,63,663,0,281
2018/09/17 17:09:06,827,Load Initial Calendar,200,OK,Business Scenario 1-59,text,true,,55326,1025,63,63,687,0,281
2018/09/17 17:09:04,2128,Login,200,OK,Business Scenario 1-71,text,true,,66348,1686,63,63,1289,0,608
2018/09/17 17:09:05,1644,Index Page Lazy Data,200,OK,Business Scenario 1-51,text,true,,7469,761,63,63,1644,0,0
2018/09/17 17:09:05,1582,Login,200,OK,Business Scenario 1-73,text,true,,66362,1686,63,63,991,0,609
2018/09/17 17:09:04,3001,Load Validation Item,200,OK,Business Scenario 1-40,text,true,,255106,518728,64,64,1182,0,0
2018/09/17 17:09:06,922,Load Initial Calendar,200,OK,Business Scenario 1-58,text,true,,55350,1025,64,64,779,0,286
2018/09/17 17:09:06,1074,Load Initial Calendar,200,OK,Business Scenario 1-64,text,true,,55318,1025,65,65,653,0,283
2018/09/17 17:09:04,2750,Load Validation Item,200,OK,Business Scenario 1-41,text,true,,255136,518728,65,65,1368,0,0
2018/09/17 17:09:06,1070,Load Initial Calendar,200,OK,Business Scenario 1-65,text,true,,55318,1025,65,65,932,0,280
2018/09/17 17:09:05,2087,Index Page Lazy Data,200,OK,Business Scenario 1-52,text,true,,7469,761,65,65,2087,0,0
2018/09/17 17:09:05,1896,Login,200,OK,Business Scenario 1-74,text,true,,66351,1686,66,66,1094,0,610
2018/09/17 17:09:05,1994,Index Page Lazy Data,200,OK,Business Scenario 1-61,text,true,,7469,761,66,66,1993,0,0
2018/09/17 17:09:02,5856,Confirmation,200,OK,Business Scenario 1-25,text,true,,25746,518774,66,66,5855,0,283
2018/09/17 17:08:57,10732,Confirmation,200,OK,Business Scenario 1-10,text,true,,25740,518774,66,66,10731,0,3285
2018/09/17 17:09:05,2123,Index Page,200,OK,Business Scenario 1-68,text,true,,79545,334,66,66,1843,0,0
2018/09/17 17:09:06,1327,Load Initial Calendar,200,OK,Business Scenario 1-63,text,true,,55350,1025,66,66,906,0,283
2018/09/17 17:09:06,1857,Login,200,OK,Business Scenario 1-75,text,true,,66346,1686,66,66,1176,0,614
2018/09/17 17:09:06,1215,Load Initial Calendar,200,OK,Business Scenario 1-66,text,true,,55366,1025,67,67,936,0,281
2018/09/17 17:09:05,2337,Index Page,200,OK,Business Scenario 1-69,text,true,,79553,334,67,67,2058,0,0
2018/09/17 17:09:06,2027,Load Validation Item,200,OK,Business Scenario 1-42,text,true,,255145,518728,67,67,1012,0,0
2018/09/17 17:09:06,2192,Index Page Lazy Data,200,OK,Business Scenario 1-62,text,true,,7469,761,67,67,2192,0,0
2018/09/17 17:09:05,2440,Index Page Lazy Data,200,OK,Business Scenario 1-57,text,true,,7469,761,67,67,2440,0,0
2018/09/17 17:09:00,8075,Confirmation,200,OK,Business Scenario 1-16,text,true,,25738,518774,67,67,8074,0,278
2018/09/17 17:09:06,1847,Login,200,OK,Business Scenario 1-76,text,true,,66347,1686,67,67,1137,0,604
2018/09/17 17:09:01,7125,Monthly Attendance Start,200,OK,Business Scenario 1-46,text,true,,790033,438,67,67,3950,0,0
2018/09/17 17:09:07,557,Logout,200,OK,Business Scenario 1-10,text,true,,3858,739,68,68,557,0,280
2018/09/17 17:09:07,578,Logout,200,OK,Business Scenario 1-25,text,true,,3855,739,67,67,578,0,283
2018/09/17 17:09:02,6116,Confirmation,200,OK,Business Scenario 1-30,text,true,,25730,518774,66,66,6115,0,288
2018/09/17 17:09:06,1847,Login,200,OK,Business Scenario 1-77,text,true,,66351,1686,67,67,978,0,606
2018/09/17 17:09:08,791,Load Initial Calendar,200,OK,Business Scenario 1-68,text,true,,55358,1025,67,67,651,0,282
2018/09/17 17:09:05,2929,Index Page,200,OK,Business Scenario 1-67,text,true,,79540,334,67,67,2513,0,283
2018/09/17 17:09:08,851,Load Initial Calendar,200,OK,Business Scenario 1-69,text,true,,55358,1025,68,68,711,0,295
2018/09/17 17:09:07,1883,Login,200,OK,Business Scenario 1-78,text,true,,66352,1686,68,68,1080,0,604
2018/09/17 17:09:06,2541,Index Page,200,OK,Business Scenario 1-70,text,true,,79578,334,68,68,1990,0,0
2018/09/17 17:09:07,1850,Login,200,OK,Business Scenario 1-79,text,true,,66348,1686,69,69,975,0,613
2018/09/17 17:09:07,2185,Index Page,200,OK,Business Scenario 1-73,text,true,,79525,334,69,69,1902,0,0
2018/09/17 17:09:08,1015,Logout,200,OK,Business Scenario 1-16,text,true,,3858,739,69,69,1015,0,299
2018/09/17 17:09:07,2355,Index Page Lazy Data,200,OK,Business Scenario 1-60,text,true,,7469,761,68,68,2354,0,0
2018/09/17 17:09:08,980,Input Page Lazy Data,200,OK,Business Scenario 1-46,text,true,,7469,885,68,68,979,0,279
2018/09/17 17:09:07,2340,Index Page Lazy Data,200,OK,Business Scenario 1-59,text,true,,7469,761,68,68,2340,0,0
2018/09/17 17:09:06,3190,Load Validation Item,200,OK,Business Scenario 1-36,text,true,,255082,518728,68,68,1531,0,0
2018/09/17 17:09:07,1716,Login,200,OK,Business Scenario 1-80,text,true,,66355,1686,68,68,921,0,605
2018/09/17 17:09:06,2652,Index Page,200,OK,Business Scenario 1-72,text,true,,79539,334,68,68,2372,0,0
2018/09/17 17:09:07,2229,Index Page Lazy Data,200,OK,Business Scenario 1-58,text,true,,7469,761,68,68,2228,0,0
2018/09/17 17:09:07,2024,Index Page Lazy Data,200,OK,Business Scenario 1-64,text,true,,7469,761,69,69,2024,0,0
2018/09/17 17:09:08,1154,Logout,200,OK,Business Scenario 1-30,text,true,,3859,739,69,69,1154,0,287
2018/09/17 17:09:08,1861,Index Page Lazy Data,200,OK,Business Scenario 1-63,text,true,,7469,761,68,68,1861,0,0
2018/09/17 17:09:07,2155,Index Page Lazy Data,200,OK,Business Scenario 1-65,text,true,,7469,761,68,68,2155,0,0
2018/09/17 17:09:08,1807,Index Page Lazy Data,200,OK,Business Scenario 1-66,text,true,,7469,761,68,68,1807,0,0
2018/09/17 17:09:08,1877,Index Page,200,OK,Business Scenario 1-75,text,true,,79524,334,69,69,1593,0,0
2018/09/17 17:09:07,2194,Index Page,200,OK,Business Scenario 1-74,text,true,,79532,334,69,69,1762,0,0
2018/09/17 17:09:07,2921,Index Page,200,OK,Business Scenario 1-71,text,true,,79524,334,69,69,2368,0,287
2018/09/17 17:09:08,1218,Load Initial Calendar,200,OK,Business Scenario 1-67,text,true,,55341,1025,69,69,940,0,280
2018/09/17 17:09:09,494,Monthly Attendance Start,500,Internal Server Error,Business Scenario 1-64,text,false,,3182,438,69,69,494,0,288
2018/09/17 17:09:06,3903,Monthly Attendance Start,500,Internal Server Error,Business Scenario 1-56,text,false,,3182,438,68,68,3903,0,0
2018/09/17 17:09:04,6021,Confirmation,500,Internal Server Error,Business Scenario 1-28,text,false,,3182,518774,67,67,6021,0,287
2018/09/17 17:09:02,7673,Confirmation,500,Internal Server Error,Business Scenario 1-19,text,false,,3182,518774,67,67,7672,0,286
2018/09/17 17:09:09,447,Monthly Attendance Start,500,Internal Server Error,Business Scenario 1-63,text,false,,3182,438,66,66,447,0,281
2018/09/17 17:09:09,447,Monthly Attendance Start,500,Internal Server Error,Business Scenario 1-66,text,false,,3182,438,65,65,447,0,283
2018/09/17 17:09:09,1260,Load Initial Calendar,200,OK,Business Scenario 1-70,text,true,,55334,1025,64,64,982,0,288
2018/09/17 17:09:09,1009,Load Initial Calendar,200,OK,Business Scenario 1-73,text,true,,55333,1025,64,64,728,0,278
2018/09/17 17:09:01,8957,Monthly Attendance Start,200,OK,Business Scenario 1-45,text,true,,790176,438,67,67,4043,0,0
2018/09/17 17:09:06,4134,Monthly Attendance Start,500,Internal Server Error,Business Scenario 1-55,text,false,,3182,438,64,64,4134,0,282
2018/09/17 17:09:08,2020,Login,200,OK,Business Scenario 1-82,text,true,,66350,1686,63,63,1292,0,605
2018/09/17 17:09:09,855,Load Initial Calendar,200,OK,Business Scenario 1-72,text,true,,55334,1025,63,63,716,0,283
2018/09/17 17:09:08,2451,Login,200,OK,Business Scenario 1-81,text,true,,66362,1686,64,64,1732,0,615
2018/09/17 17:09:08,2017,Login,200,OK,Business Scenario 1-83,text,true,,66346,1686,64,64,1210,0,606
2018/09/17 17:09:08,1824,Login,200,OK,Business Scenario 1-84,text,true,,66352,1686,64,64,1112,0,608
2018/09/17 17:09:09,1069,Load Initial Calendar,200,OK,Business Scenario 1-75,text,true,,55318,1025,65,65,793,0,278
2018/09/17 17:09:09,1461,Login,200,OK,Business Scenario 1-86,text,true,,66344,1686,65,65,944,0,608
2018/09/17 17:09:10,729,Input Page Lazy Data,200,OK,Business Scenario 1-45,text,true,,7469,885,65,65,729,0,279
2018/09/17 17:09:10,1133,Load Initial Calendar,200,OK,Business Scenario 1-71,text,true,,55318,1025,66,66,711,0,286
2018/09/17 17:09:09,1902,Login,200,OK,Business Scenario 1-85,text,true,,66354,1686,66,66,1038,0,600
2018/09/17 17:09:00,10429,Confirmation,200,OK,Business Scenario 1-18,text,true,,25730,518774,66,66,10428,0,279
2018/09/17 17:09:09,1307,Load Initial Calendar,200,OK,Business Scenario 1-74,text,true,,55318,1025,66,66,890,0,282
2018/09/17 17:09:08,2972,Index Page,200,OK,Business Scenario 1-76,text,true,,79532,334,66,66,1743,0,0
2018/09/17 17:09:00,10475,Monthly Attendance Start,200,OK,Business Scenario 1-43,text,true,,788916,438,66,66,5185,0,283
2018/09/17 17:09:09,2361,Index Page Lazy Data,200,OK,Business Scenario 1-69,text,true,,7470,761,66,66,2361,0,0
2018/09/17 17:09:02,8826,Confirmation,200,OK,Business Scenario 1-26,text,true,,25747,518774,67,67,8825,0,283
2018/09/17 17:09:09,2243,Load Validation Item,200,OK,Business Scenario 1-46,text,true,,255640,519720,67,67,1126,0,0
2018/09/17 17:09:08,2919,Index Page Lazy Data,200,OK,Business Scenario 1-68,text,true,,7469,761,67,67,2919,0,0
2018/09/17 17:09:03,8087,Monthly Attendance Start,200,OK,Business Scenario 1-49,text,true,,788812,438,67,67,4190,0,283
2018/09/17 17:09:03,7909,Monthly Attendance Start,200,OK,Business Scenario 1-47,text,true,,788787,438,68,68,4701,0,279
2018/09/17 17:09:03,7963,Monthly Attendance Start,200,OK,Business Scenario 1-54,text,true,,788851,438,68,68,4947,0,280
2018/09/17 17:09:11,689,Monthly Attendance Start,500,Internal Server Error,Business Scenario 1-69,text,false,,3182,438,69,69,688,0,280
2018/09/17 17:09:11,737,Input Page Lazy Data,200,OK,Business Scenario 1-43,text,true,,7469,885,68,68,737,0,280
2018/09/17 17:09:11,997,Logout,200,OK,Business Scenario 1-18,text,true,,3857,739,68,68,997,0,277
2018/09/17 17:09:09,2362,Login,200,OK,Business Scenario 1-87,text,true,,66340,1686,67,67,1411,0,604
2018/09/17 17:09:11,812,Logout,200,OK,Business Scenario 1-26,text,true,,3859,739,67,67,812,0,280
2018/09/17 17:09:11,580,Input Page Lazy Data,200,OK,Business Scenario 1-49,text,true,,7469,885,66,66,580,0,283
2018/09/17 17:09:11,504,Input Page Lazy Data,200,OK,Business Scenario 1-47,text,true,,7469,885,66,66,504,0,281
2018/09/17 17:09:10,2295,Index Page Lazy Data,200,OK,Business Scenario 1-67,text,true,,7469,761,66,66,2295,0,0
2018/09/17 17:09:11,468,Input Page Lazy Data,200,OK,Business Scenario 1-54,text,true,,7469,885,67,67,468,0,282
2018/09/17 17:09:04,8217,Confirmation,500,Internal Server Error,Business Scenario 1-24,text,false,,3182,518774,67,67,8216,0,288
2018/09/17 17:09:05,6583,Confirmation,500,Internal Server Error,Business Scenario 1-33,text,false,,3182,518774,66,66,6583,0,288
2018/09/17 17:09:04,7838,Confirmation,500,Internal Server Error,Business Scenario 1-23,text,false,,3182,519766,65,65,7837,0,283
2018/09/17 17:09:10,2087,Index Page Lazy Data,200,OK,Business Scenario 1-70,text,true,,7469,761,64,64,2087,0,0
2018/09/17 17:09:09,3425,Index Page,200,OK,Business Scenario 1-78,text,true,,79523,334,64,64,3011,0,0
2018/09/17 17:09:08,3784,Index Page,200,OK,Business Scenario 1-77,text,true,,79522,334,64,64,3227,0,0
2018/09/17 17:09:09,3092,Index Page,200,OK,Business Scenario 1-80,text,true,,79556,334,64,64,2676,0,0
2018/09/17 17:09:09,3275,Index Page,200,OK,Business Scenario 1-79,text,true,,79522,334,64,64,2720,0,0
2018/09/17 17:09:06,6659,Confirmation,500,Internal Server Error,Business Scenario 1-37,text,false,,3182,518774,64,64,6659,0,285
2018/09/17 17:09:06,6167,Confirmation,500,Internal Server Error,Business Scenario 1-34,text,false,,3182,519766,64,64,6167,0,284
2018/09/17 17:09:06,6530,Confirmation,500,Internal Server Error,Business Scenario 1-27,text,false,,3182,518774,63,63,6530,0,282
2018/09/17 17:09:06,5753,Confirmation,500,Internal Server Error,Business Scenario 1-38,text,false,,3182,518774,62,62,5753,0,281
2018/09/17 17:09:11,1380,Load Initial Calendar,200,OK,Business Scenario 1-76,text,true,,55326,1025,61,61,1098,0,285
2018/09/17 17:09:05,7635,Confirmation,500,Internal Server Error,Business Scenario 1-39,text,false,,3182,518774,61,61,7635,0,283
2018/09/17 17:09:07,5458,Confirmation,500,Internal Server Error,Business Scenario 1-40,text,false,,3182,518774,60,60,5458,0,285
2018/09/17 17:09:07,4896,Monthly Attendance Start,500,Internal Server Error,Business Scenario 1-61,text,false,,3182,438,59,59,4896,0,282
2018/09/17 17:09:08,4561,Confirmation,500,Internal Server Error,Business Scenario 1-42,text,false,,3182,518774,58,58,4561,0,285
2018/09/17 17:09:07,5004,Monthly Attendance Start,500,Internal Server Error,Business Scenario 1-52,text,false,,3182,438,57,57,5003,0,279
2018/09/17 17:09:10,2242,Login,200,OK,Business Scenario 1-89,text,true,,66345,1686,57,57,1537,0,607
2018/09/17 17:09:07,5078,Confirmation,500,Internal Server Error,Business Scenario 1-41,text,false,,3182,518774,56,56,5078,0,281
2018/09/17 17:09:05,7577,Confirmation,500,Internal Server Error,Business Scenario 1-21,text,false,,3182,518774,55,55,7577,0,285
2018/09/17 17:09:04,8164,Monthly Attendance Start,200,OK,Business Scenario 1-48,text,true,,789082,438,55,55,4238,0,0
2018/09/17 17:09:11,1877,Index Page Lazy Data,200,OK,Business Scenario 1-75,text,true,,7468,761,54,54,1876,0,0
2018/09/17 17:09:10,2067,Login,200,OK,Business Scenario 1-90,text,true,,66350,1686,54,54,1215,0,611
2018/09/17 17:09:11,1620,Index Page Lazy Data,200,OK,Business Scenario 1-74,text,true,,7469,761,54,54,1620,0,0
2018/09/17 17:09:10,2555,Index Page Lazy Data,200,OK,Business Scenario 1-73,text,true,,7469,761,54,54,2555,0,0
2018/09/17 17:09:10,2476,Index Page Lazy Data,200,OK,Business Scenario 1-72,text,true,,7469,761,54,54,2476,0,0
2018/09/17 17:09:11,1764,Index Page Lazy Data,200,OK,Business Scenario 1-71,text,true,,7469,761,54,54,1764,0,0
2018/09/17 17:09:10,2790,Login,200,OK,Business Scenario 1-88,text,true,,12694,1732,55,55,1712,0,615
2018/09/17 17:09:09,3111,Monthly Attendance Start,500,Internal Server Error,Business Scenario 1-65,text,false,,3182,438,55,55,3110,0,278
2018/09/17 17:09:12,567,Monthly Attendance Start,500,Internal Server Error,Business Scenario 1-70,text,false,,3182,438,54,54,567,0,285
2018/09/17 17:09:09,3642,Monthly Attendance Start,500,Internal Server Error,Business Scenario 1-60,text,false,,3182,438,53,53,3642,0,282
2018/09/17 17:09:09,3435,Monthly Attendance Start,500,Internal Server Error,Business Scenario 1-58,text,false,,3182,438,52,52,3435,0,283
2018/09/17 17:09:12,695,Monthly Attendance Start,500,Internal Server Error,Business Scenario 1-67,text,false,,3182,438,51,51,694,0,278
2018/09/17 17:09:11,1320,Monthly Attendance Start,500,Internal Server Error,Business Scenario 1-68,text,false,,3182,438,51,51,1320,0,280
2018/09/17 17:09:09,3578,Confirmation,500,Internal Server Error,Business Scenario 1-36,text,false,,3182,518774,49,49,3578,0,279
2018/09/17 17:09:12,393,Index Page Lazy Data,200,OK,Business Scenario 1-76,text,true,,7469,761,48,48,393,0,0
2018/09/17 17:09:08,4893,Monthly Attendance Start,500,Internal Server Error,Business Scenario 1-62,text,false,,3182,438,48,48,4893,0,289
2018/09/17 17:09:11,2115,Index Page,200,OK,Business Scenario 1-86,text,true,,79525,334,47,47,1838,0,0
2018/09/17 17:09:10,2750,Index Page,200,OK,Business Scenario 1-81,text,true,,79569,334,47,47,2472,0,281
2018/09/17 17:09:10,2485,Index Page,200,OK,Business Scenario 1-84,text,true,,79564,334,48,48,2064,0,0
2018/09/17 17:09:11,1887,Login,200,OK,Business Scenario 1-92,text,true,,66352,1686,48,48,1039,0,598
2018/09/17 17:09:12,735,Load Initial Calendar,200,OK,Business Scenario 1-80,text,true,,55318,1025,48,48,596,0,279
2018/09/17 17:09:12,494,Input Page Lazy Data,200,OK,Business Scenario 1-48,text,true,,7469,885,48,48,494,0,283
2018/09/17 17:09:12,895,Load Initial Calendar,200,OK,Business Scenario 1-78,text,true,,55334,1025,48,48,615,0,283
2018/09/17 17:09:12,472,Monthly Attendance Start,500,Internal Server Error,Business Scenario 1-73,text,false,,3182,438,48,48,472,0,277
2018/09/17 17:09:12,476,Monthly Attendance Start,500,Internal Server Error,Business Scenario 1-74,text,false,,3182,438,47,47,475,0,280
2018/09/17 17:09:12,472,Monthly Attendance Start,500,Internal Server Error,Business Scenario 1-72,text,false,,3182,438,48,48,472,0,280
2018/09/17 17:09:10,3027,Index Page,200,OK,Business Scenario 1-82,text,true,,79571,334,45,45,2608,0,282
2018/09/17 17:09:11,2248,Index Page,200,OK,Business Scenario 1-85,text,true,,79531,334,45,45,1697,0,0
2018/09/17 17:09:12,875,Load Initial Calendar,200,OK,Business Scenario 1-79,text,true,,55341,1025,45,45,597,0,281
2018/09/17 17:09:04,9290,Confirmation,200,OK,Business Scenario 1-29,text,true,,25755,518774,45,45,9288,0,285
2018/09/17 17:09:11,2423,Load Validation Item,200,OK,Business Scenario 1-45,text,true,,255648,519720,45,45,1181,0,0
2018/09/17 17:09:12,1003,Load Initial Calendar,200,OK,Business Scenario 1-77,text,true,,55350,1025,45,45,590,0,278
2018/09/17 17:09:11,2396,Login,200,OK,Business Scenario 1-91,text,true,,66357,1686,45,45,1186,0,610
2018/09/17 17:09:03,9623,Confirmation,200,OK,Business Scenario 1-32,text,true,,25730,518774,45,45,9622,0,283
2018/09/17 17:09:10,2879,Index Page,200,OK,Business Scenario 1-83,text,true,,79541,334,45,45,2324,0,285
2018/09/17 17:09:03,10343,Confirmation,200,OK,Business Scenario 1-22,text,true,,25743,518774,46,46,10341,0,287
2018/09/17 17:09:11,1916,Login,200,OK,Business Scenario 1-93,text,true,,66345,1686,46,46,1313,0,608
2018/09/17 17:09:12,1642,Login,200,OK,Business Scenario 1-94,text,true,,66342,1686,46,46,1023,0,605
2018/09/17 17:09:13,380,Index Page Lazy Data,200,OK,Business Scenario 1-80,text,true,,7466,761,46,46,380,0,0
2018/09/17 17:09:13,346,Index Page Lazy Data,200,OK,Business Scenario 1-78,text,true,,7469,761,46,46,346,0,0
2018/09/17 17:09:13,323,Index Page Lazy Data,200,OK,Business Scenario 1-79,text,true,,7469,761,46,46,323,0,0
2018/09/17 17:09:12,1537,Index Page,200,OK,Business Scenario 1-87,text,true,,79537,334,46,46,965,0,281
2018/09/17 17:09:13,296,Index Page Lazy Data,200,OK,Business Scenario 1-77,text,true,,7469,761,46,46,296,0,0
2018/09/17 17:09:12,1126,Index Page,200,OK,Business Scenario 1-89,text,true,,81985,334,46,46,850,0,276
2018/09/17 17:09:13,731,Load Initial Calendar,200,OK,Business Scenario 1-86,text,true,,55366,1025,47,47,591,0,284
2018/09/17 17:09:13,608,Index Page,200,OK,Business Scenario 1-92,text,true,,81984,334,47,47,335,0,0
2018/09/17 17:09:04,9333,Confirmation,200,OK,Business Scenario 1-20,text,true,,25754,518774,47,47,9332,0,285
2018/09/17 17:09:13,514,Logout,200,OK,Business Scenario 1-29,text,true,,3855,739,47,47,514,0,281
2018/09/17 17:09:13,725,Load Initial Calendar,200,OK,Business Scenario 1-81,text,true,,55349,1025,46,46,587,0,279
2018/09/17 17:09:13,1035,Index Page,200,OK,Business Scenario 1-88,text,true,,81943,334,46,46,758,0,277
2018/09/17 17:09:13,500,Logout,200,OK,Business Scenario 1-32,text,true,,3860,739,46,46,500,0,279
2018/09/17 17:09:13,743,Load Initial Calendar,200,OK,Business Scenario 1-84,text,true,,55326,1025,45,45,599,0,291
2018/09/17 17:09:00,13161,Monthly Attendance Start,200,OK,Business Scenario 1-44,text,true,,788717,438,46,46,3083,0,0
2018/09/17 17:09:13,279,Index Page Lazy Data,200,OK,Business Scenario 1-86,text,true,,7469,761,45,45,279,0,0
2018/09/17 17:09:13,325,Load Initial Calendar,200,OK,Business Scenario 1-89,text,true,,55357,1025,45,45,186,0,0
2018/09/17 17:09:12,1556,Login,200,OK,Business Scenario 1-96,text,true,,66336,1686,45,45,987,0,607
2018/09/17 17:09:13,447,Load Initial Calendar,200,OK,Business Scenario 1-87,text,true,,55318,1025,45,45,168,0,0
2018/09/17 17:09:12,1896,Login,200,OK,Business Scenario 1-95,text,true,,66361,1686,45,45,993,0,602
2018/09/17 17:09:13,869,Load Initial Calendar,200,OK,Business Scenario 1-82,text,true,,55334,1025,45,45,596,0,280
2018/09/17 17:09:14,307,Index Page Lazy Data,200,OK,Business Scenario 1-81,text,true,,7469,761,45,45,307,0,0
2018/09/17 17:09:13,861,Load Initial Calendar,200,OK,Business Scenario 1-85,text,true,,55325,1025,45,45,592,0,278
2018/09/17 17:09:13,633,Index Page,200,OK,Business Scenario 1-94,text,true,,81961,334,45,45,366,0,0
2018/09/17 17:09:12,1949,Load Validation Item,200,OK,Business Scenario 1-54,text,true,,255090,518728,45,45,976,0,0
2018/09/17 17:09:14,302,Index Page Lazy Data,200,OK,Business Scenario 1-84,text,true,,7469,761,45,45,302,0,0
2018/09/17 17:09:14,320,Load Initial Calendar,200,OK,Business Scenario 1-88,text,true,,55341,1025,45,45,175,0,0
2018/09/17 17:09:05,9414,Confirmation,200,OK,Business Scenario 1-17,text,true,,25731,518774,45,45,9412,0,282
2018/09/17 17:09:04,9640,Confirmation,200,OK,Business Scenario 1-35,text,true,,25754,518774,45,45,9639,0,281
2018/09/17 17:09:13,876,Load Initial Calendar,200,OK,Business Scenario 1-83,text,true,,55350,1025,45,45,598,0,281
2018/09/17 17:09:12,2438,Load Validation Item,200,OK,Business Scenario 1-43,text,true,,255232,518728,45,45,1046,0,0
2018/09/17 17:09:13,1014,Index Page,200,OK,Business Scenario 1-91,text,true,,81969,334,45,45,734,0,280
2018/09/17 17:09:13,621,Logout,200,OK,Business Scenario 1-20,text,true,,3856,739,45,45,620,0,281
2018/09/17 17:09:12,1666,Index Page,200,OK,Business Scenario 1-90,text,true,,81979,334,45,45,833,0,284
2018/09/17 17:09:14,551,Input Page Lazy Data,200,OK,Business Scenario 1-44,text,true,,7469,885,44,44,550,0,278
2018/09/17 17:09:12,1682,Login,200,OK,Business Scenario 1-97,text,true,,66347,1686,44,44,880,0,605
2018/09/17 17:09:13,732,Load Initial Calendar,200,OK,Business Scenario 1-92,text,true,,55341,1025,44,44,592,0,281
2018/09/17 17:09:13,1031,Logout,200,OK,Business Scenario 1-22,text,true,,3860,739,44,44,1031,0,690
2018/09/17 17:09:13,1015,Index Page,200,OK,Business Scenario 1-93,text,true,,81951,334,44,44,596,0,0
2018/09/17 17:09:06,8352,Confirmation,200,OK,Business Scenario 1-31,text,true,,25754,518774,43,43,8350,0,287
2018/09/17 17:09:13,1558,Login,200,OK,Business Scenario 1-98,text,true,,66352,1686,43,43,892,0,600
2018/09/17 17:09:14,507,Logout,200,OK,Business Scenario 1-17,text,true,,3858,739,43,43,507,0,281
2018/09/17 17:09:14,698,Index Page Lazy Data,200,OK,Business Scenario 1-89,text,true,,7469,761,43,43,698,0,0
2018/09/17 17:09:14,487,Logout,200,OK,Business Scenario 1-35,text,true,,3855,739,42,42,487,0,286
2018/09/17 17:09:14,508,Index Page Lazy Data,200,OK,Business Scenario 1-83,text,true,,7469,761,41,41,508,0,0
2018/09/17 17:09:14,670,Index Page Lazy Data,200,OK,Business Scenario 1-85,text,true,,7468,761,41,41,669,0,0
2018/09/17 17:09:14,726,Index Page Lazy Data,200,OK,Business Scenario 1-87,text,true,,7469,761,41,41,726,0,0
2018/09/17 17:09:14,702,Index Page Lazy Data,200,OK,Business Scenario 1-82,text,true,,7469,761,41,41,702,0,0
2018/09/17 17:09:14,645,Index Page Lazy Data,200,OK,Business Scenario 1-88,text,true,,7472,761,41,41,644,0,0
2018/09/17 17:09:11,3420,Confirmation,200,OK,Business Scenario 1-46,text,true,,26831,519766,41,41,3419,0,282
2018/09/17 17:09:14,490,Load Initial Calendar,200,OK,Business Scenario 1-91,text,true,,55339,1025,41,41,213,0,0
2018/09/17 17:09:12,2756,Load Validation Item,200,OK,Business Scenario 1-49,text,true,,255082,518728,41,41,1644,0,0
2018/09/17 17:09:14,395,Index Page Lazy Data,200,OK,Business Scenario 1-92,text,true,,7469,761,41,41,395,0,0
2018/09/17 17:09:14,781,Load Initial Calendar,200,OK,Business Scenario 1-94,text,true,,55341,1025,41,41,642,0,279
2018/09/17 17:09:14,943,Index Page,200,OK,Business Scenario 1-96,text,true,,81939,334,41,41,668,0,0
2018/09/17 17:09:12,2875,Load Validation Item,200,OK,Business Scenario 1-47,text,true,,255233,518728,41,41,1766,0,0
2018/09/17 17:09:14,630,Load Initial Calendar,200,OK,Business Scenario 1-90,text,true,,55309,1025,41,41,352,0,0
2018/09/17 17:09:14,502,Logout,200,OK,Business Scenario 1-31,text,true,,3859,739,41,41,502,0,284
2018/09/17 17:09:15,327,Index Page Lazy Data,200,OK,Business Scenario 1-91,text,true,,7469,761,40,40,327,0,0
2018/09/17 17:09:15,313,Index Page Lazy Data,200,OK,Business Scenario 1-94,text,true,,7469,761,40,40,313,0,0
2018/09/17 17:09:15,465,Logout,200,OK,Business Scenario 1-46,text,true,,3851,739,40,40,465,0,280
2018/09/17 17:09:14,1233,Index Page,200,OK,Business Scenario 1-95,text,true,,81969,334,40,40,679,0,0
2018/09/17 17:09:14,941,Index Page,200,OK,Business Scenario 1-97,text,true,,81938,334,39,39,519,0,0
2018/09/17 17:09:13,2295,Load Validation Item,200,OK,Business Scenario 1-48,text,true,,255090,518728,39,39,1049,0,0
2018/09/17 17:09:14,1018,Load Initial Calendar,200,OK,Business Scenario 1-93,text,true,,55340,1025,39,39,740,0,279
2018/09/17 17:09:14,861,Index Page,200,OK,Business Scenario 1-98,text,true,,81931,334,39,39,446,0,0
2018/09/17 17:09:13,1882,Login,200,OK,Business Scenario 1-100,text,true,,66352,1686,39,39,996,0,628
2018/09/17 17:09:15,625,Index Page Lazy Data,200,OK,Business Scenario 1-90,text,true,,7469,761,39,39,625,0,280
2018/09/17 17:09:15,787,Load Initial Calendar,200,OK,Business Scenario 1-96,text,true,,55317,1025,39,39,647,0,281
2018/09/17 17:09:15,348,Index Page Lazy Data,200,OK,Business Scenario 1-93,text,true,,7469,761,39,39,348,0,0
2018/09/17 17:09:08,7771,Monthly Attendance Start,200,OK,Business Scenario 1-57,text,true,,788820,438,39,39,5403,0,280
2018/09/17 17:09:06,9978,Monthly Attendance Start,200,OK,Business Scenario 1-50,text,true,,790068,438,39,39,6377,0,281
2018/09/17 17:09:09,6723,Monthly Attendance Start,200,OK,Business Scenario 1-59,text,true,,788841,438,39,39,4632,0,280
2018/09/17 17:09:13,2671,Confirmation,200,OK,Business Scenario 1-45,text,true,,26858,519766,39,39,2670,0,281
2018/09/17 17:09:15,727,Load Initial Calendar,200,OK,Business Scenario 1-95,text,true,,55317,1025,39,39,589,0,278
2018/09/17 17:09:15,359,Index Page Lazy Data,200,OK,Business Scenario 1-96,text,true,,7470,761,39,39,359,0,0
2018/09/17 17:09:16,330,Index Page Lazy Data,200,OK,Business Scenario 1-95,text,true,,7469,761,39,39,330,0,0
2018/09/17 17:09:16,446,Input Page Lazy Data,200,OK,Business Scenario 1-57,text,true,,7469,885,39,39,446,0,280
2018/09/17 17:09:13,3008,Login,200,OK,Business Scenario 1-99,text,true,,66351,1686,39,39,1586,0,1234
2018/09/17 17:09:16,450,Input Page Lazy Data,200,OK,Business Scenario 1-50,text,true,,7472,885,39,39,450,0,286
2018/09/17 17:09:15,1027,Load Initial Calendar,200,OK,Business Scenario 1-97,text,true,,55341,1025,39,39,611,0,291
2018/09/17 17:09:15,917,Index Page,200,OK,Business Scenario 1-100,text,true,,82255,334,39,39,356,0,0
2018/09/17 17:09:15,1026,Load Initial Calendar,200,OK,Business Scenario 1-98,text,true,,55356,1025,39,39,611,0,279
2018/09/17 17:09:14,2283,Load Validation Item,200,OK,Business Scenario 1-44,text,true,,255121,518728,39,39,1180,0,0
2018/09/17 17:09:13,3438,Monthly Attendance Start,200,OK,Business Scenario 1-80,text,true,,788924,438,39,39,1222,0,0
2018/09/17 17:09:07,10337,Monthly Attendance Start,200,OK,Business Scenario 1-51,text,true,,790417,438,39,39,6445,0,281
2018/09/17 17:09:14,3479,Monthly Attendance Start,200,OK,Business Scenario 1-81,text,true,,789132,438,39,39,1130,0,0
2018/09/17 17:09:13,4735,Monthly Attendance Start,200,OK,Business Scenario 1-76,text,true,,788754,438,39,39,1531,0,0
2018/09/17 17:09:16,1867,Input Page Lazy Data,200,OK,Business Scenario 1-59,text,true,,7469,885,39,39,1867,0,281
2018/09/17 17:09:17,558,Input Page Lazy Data,200,OK,Business Scenario 1-51,text,true,,7469,885,39,39,557,0,280
2018/09/17 17:09:17,870,Input Page Lazy Data,200,OK,Business Scenario 1-80,text,true,,7466,885,39,39,870,0,277
2018/09/17 17:09:16,1895,Logout,200,OK,Business Scenario 1-45,text,true,,3857,739,39,39,1895,0,283
2018/09/17 17:09:16,1644,Index Page Lazy Data,200,OK,Business Scenario 1-97,text,true,,7469,761,38,38,1644,0,0
2018/09/17 17:09:16,1551,Index Page Lazy Data,200,OK,Business Scenario 1-98,text,true,,7469,761,38,38,1551,0,0
2018/09/17 17:09:17,440,Input Page Lazy Data,200,OK,Business Scenario 1-81,text,true,,7469,885,38,38,439,0,278
2018/09/17 17:09:17,439,Input Page Lazy Data,200,OK,Business Scenario 1-76,text,true,,7469,885,38,38,439,0,280
2018/09/17 17:09:14,4062,Confirmation,200,OK,Business Scenario 1-54,text,true,,25746,518774,38,38,4061,0,281
2018/09/17 17:09:13,4619,Monthly Attendance Start,200,OK,Business Scenario 1-78,text,true,,789148,438,38,38,1271,0,0
2018/09/17 17:09:14,3903,Confirmation,200,OK,Business Scenario 1-43,text,true,,25739,518774,38,38,3902,0,284
2018/09/17 17:09:16,1830,Load Initial Calendar,200,OK,Business Scenario 1-100,text,true,,55318,1025,38,38,1552,0,280
2018/09/17 17:09:13,4709,Monthly Attendance Start,200,OK,Business Scenario 1-79,text,true,,789020,438,38,38,1378,0,0
2018/09/17 17:09:12,5836,Monthly Attendance Start,200,OK,Business Scenario 1-75,text,true,,788972,438,38,38,2042,0,283
2018/09/17 17:09:14,3842,Monthly Attendance Start,200,OK,Business Scenario 1-89,text,true,,788739,438,38,38,1490,0,279
2018/09/17 17:09:14,4577,Monthly Attendance Start,200,OK,Business Scenario 1-86,text,true,,789036,438,38,38,1177,0,0
2018/09/17 17:09:16,2384,Index Page,200,OK,Business Scenario 1-99,text,true,,81978,334,38,38,1828,0,279
2018/09/17 17:09:15,3910,Monthly Attendance Start,200,OK,Business Scenario 1-88,text,true,,788720,438,38,38,1536,0,280
2018/09/17 17:09:16,2824,Load Validation Item,200,OK,Business Scenario 1-50,text,true,,255687,519720,38,38,1707,0,0
2018/09/17 17:09:13,5721,Monthly Attendance Start,200,OK,Business Scenario 1-77,text,true,,761103,438,38,38,1505,0,0
2018/09/17 17:09:06,13393,Monthly Attendance Start,200,OK,Business Scenario 1-53,text,true,,788834,438,38,38,7127,0,280
2018/09/17 17:09:15,4518,Monthly Attendance Start,200,OK,Business Scenario 1-92,text,true,,789117,438,38,38,1072,0,0
2018/09/17 17:09:16,3107,Load Validation Item,200,OK,Business Scenario 1-57,text,true,,255289,518728,38,38,1726,0,0
2018/09/17 17:09:14,4743,Monthly Attendance Start,200,OK,Business Scenario 1-83,text,true,,788755,438,38,38,1127,0,0
2018/09/17 17:09:12,6834,Monthly Attendance Start,200,OK,Business Scenario 1-71,text,true,,788837,438,38,38,1964,0,283
2018/09/17 17:09:18,1321,Index Page Lazy Data,200,OK,Business Scenario 1-100,text,true,,7468,761,38,38,1321,0,0
2018/09/17 17:09:15,4795,Confirmation,200,OK,Business Scenario 1-49,text,true,,25739,518774,38,38,4794,0,281
2018/09/17 17:09:18,1046,Input Page Lazy Data,200,OK,Business Scenario 1-86,text,true,,7469,885,38,38,1046,0,281
2018/09/17 17:09:18,1080,Input Page Lazy Data,200,OK,Business Scenario 1-75,text,true,,7468,885,38,38,1080,0,279
2018/09/17 17:09:18,1479,Input Page Lazy Data,200,OK,Business Scenario 1-78,text,true,,7469,885,38,38,1479,0,282
2018/09/17 17:09:18,1053,Input Page Lazy Data,200,OK,Business Scenario 1-89,text,true,,7469,885,38,38,1053,0,281
2018/09/17 17:09:19,907,Input Page Lazy Data,200,OK,Business Scenario 1-88,text,true,,7472,885,38,38,907,0,282
2018/09/17 17:09:18,1326,Input Page Lazy Data,200,OK,Business Scenario 1-79,text,true,,7469,885,38,38,1326,0,280
2018/09/17 17:09:15,4401,Monthly Attendance Start,200,OK,Business Scenario 1-94,text,true,,789012,438,38,38,1126,0,0
2018/09/17 17:09:18,1521,Logout,200,OK,Business Scenario 1-54,text,true,,3857,739,38,38,1521,0,280
2018/09/17 17:09:18,1481,Logout,200,OK,Business Scenario 1-43,text,true,,3857,739,37,37,1481,0,277
2018/09/17 17:09:15,4830,Confirmation,200,OK,Business Scenario 1-47,text,true,,25730,518774,36,36,4829,0,280
2018/09/17 17:09:19,496,Input Page Lazy Data,200,OK,Business Scenario 1-77,text,true,,7469,885,36,36,496,0,280
2018/09/17 17:09:19,495,Input Page Lazy Data,200,OK,Business Scenario 1-53,text,true,,7469,885,36,36,495,0,279
2018/09/17 17:09:19,439,Input Page Lazy Data,200,OK,Business Scenario 1-92,text,true,,7469,885,36,36,439,0,280
2018/09/17 17:09:19,1151,Load Initial Calendar,200,OK,Business Scenario 1-99,text,true,,55325,1025,36,36,1012,0,280
2018/09/17 17:09:19,439,Input Page Lazy Data,200,OK,Business Scenario 1-83,text,true,,7469,885,36,36,439,0,277
2018/09/17 17:09:14,5181,Monthly Attendance Start,200,OK,Business Scenario 1-85,text,true,,789069,438,36,36,1192,0,0
2018/09/17 17:09:19,435,Input Page Lazy Data,200,OK,Business Scenario 1-71,text,true,,7469,885,36,36,435,0,280
2018/09/17 17:09:15,4673,Confirmation,200,OK,Business Scenario 1-48,text,true,,25745,518774,36,36,4672,0,280
2018/09/17 17:09:19,451,Input Page Lazy Data,200,OK,Business Scenario 1-94,text,true,,7469,885,36,36,451,0,282
2018/09/17 17:09:20,462,Logout,200,OK,Business Scenario 1-47,text,true,,3857,739,36,36,462,0,278
2018/09/17 17:09:20,388,Index Page Lazy Data,200,OK,Business Scenario 1-99,text,true,,7469,761,35,35,388,0,0
2018/09/17 17:09:14,6054,Monthly Attendance Start,200,OK,Business Scenario 1-84,text,true,,788757,438,36,36,1110,0,0
2018/09/17 17:09:15,5469,Monthly Attendance Start,200,OK,Business Scenario 1-82,text,true,,788940,438,36,36,1058,0,0
2018/09/17 17:09:15,5135,Monthly Attendance Start,200,OK,Business Scenario 1-91,text,true,,789092,438,35,35,1062,0,0
2018/09/17 17:09:20,441,Input Page Lazy Data,200,OK,Business Scenario 1-85,text,true,,7468,885,35,35,441,0,281
2018/09/17 17:09:16,3922,Confirmation,200,OK,Business Scenario 1-44,text,true,,25745,518774,35,35,3921,0,280
2018/09/17 17:09:18,2600,Load Validation Item,200,OK,Business Scenario 1-81,text,true,,255200,518728,35,35,1772,0,0
2018/09/17 17:09:16,4289,Monthly Attendance Start,200,OK,Business Scenario 1-95,text,true,,789132,438,35,35,2218,0,0
2018/09/17 17:09:19,1072,Logout,200,OK,Business Scenario 1-49,text,true,,3856,739,35,35,1072,0,280
2018/09/17 17:09:15,5030,Monthly Attendance Start,200,OK,Business Scenario 1-90,text,true,,788890,438,35,35,2400,0,0
2018/09/17 17:09:20,441,Input Page Lazy Data,200,OK,Business Scenario 1-84,text,true,,7469,885,34,34,441,0,281
2018/09/17 17:09:20,442,Input Page Lazy Data,200,OK,Business Scenario 1-82,text,true,,7469,885,34,34,442,0,282
2018/09/17 17:09:20,443,Input Page Lazy Data,200,OK,Business Scenario 1-91,text,true,,7469,885,34,34,443,0,280
2018/09/17 17:09:20,911,Logout,200,OK,Business Scenario 1-48,text,true,,3858,739,34,34,911,0,707
2018/09/17 17:09:18,2872,Load Validation Item,200,OK,Business Scenario 1-76,text,true,,255090,518728,33,33,1705,0,0
2018/09/17 17:09:20,463,Logout,200,OK,Business Scenario 1-44,text,true,,3855,739,33,33,463,0,280
2018/09/17 17:09:20,441,Input Page Lazy Data,200,OK,Business Scenario 1-95,text,true,,7469,885,32,32,441,0,282
2018/09/17 17:09:20,446,Input Page Lazy Data,200,OK,Business Scenario 1-90,text,true,,7469,885,32,32,446,0,286
2018/09/17 17:09:18,3587,Load Validation Item,200,OK,Business Scenario 1-80,text,true,,255241,518728,32,32,2008,0,0
2018/09/17 17:09:18,3822,Load Validation Item,200,OK,Business Scenario 1-51,text,true,,255670,519720,32,32,1998,0,0
2018/09/17 17:09:19,2010,Load Validation Item,200,OK,Business Scenario 1-78,text,true,,255248,518728,32,32,1174,0,0
2018/09/17 17:09:19,2245,Confirmation,200,OK,Business Scenario 1-57,text,true,,25752,518774,32,32,2243,0,280
2018/09/17 17:09:15,6979,Monthly Attendance Start,200,OK,Business Scenario 1-87,text,true,,789173,438,32,32,1516,0,286
2018/09/17 17:09:18,4021,Load Validation Item,200,OK,Business Scenario 1-59,text,true,,255121,518728,32,32,1893,0,0
2018/09/17 17:09:19,2644,Confirmation,200,OK,Business Scenario 1-50,text,true,,26843,519766,32,32,2642,0,281
2018/09/17 17:09:20,1927,Load Validation Item,200,OK,Business Scenario 1-71,text,true,,255097,518728,32,32,1095,0,0
2018/09/17 17:09:21,460,Logout,200,OK,Business Scenario 1-57,text,true,,3856,739,32,32,460,0,281
2018/09/17 17:09:22,438,Input Page Lazy Data,200,OK,Business Scenario 1-87,text,true,,7469,885,31,31,438,0,281
2018/09/17 17:09:20,2163,Load Validation Item,200,OK,Business Scenario 1-94,text,true,,255176,518728,31,31,1049,0,0
2018/09/17 17:09:22,477,Logout,200,OK,Business Scenario 1-50,text,true,,3857,739,31,31,477,0,283
2018/09/17 17:09:16,6143,Monthly Attendance Start,200,OK,Business Scenario 1-96,text,true,,788858,438,31,31,2340,0,0
2018/09/17 17:09:20,2538,Load Validation Item,200,OK,Business Scenario 1-77,text,true,,236411,497558,30,30,1293,0,0
2018/09/17 17:09:20,2468,Load Validation Item,200,OK,Business Scenario 1-83,text,true,,255248,518728,30,30,1090,0,0
2018/09/17 17:09:19,2858,Load Validation Item,200,OK,Business Scenario 1-79,text,true,,255257,518728,30,30,1329,0,0
2018/09/17 17:09:20,2071,Confirmation,200,OK,Business Scenario 1-81,text,true,,25746,518774,30,30,2070,0,284
2018/09/17 17:09:22,437,Input Page Lazy Data,200,OK,Business Scenario 1-96,text,true,,7470,885,30,30,437,0,280
2018/09/17 17:09:19,3277,Load Validation Item,200,OK,Business Scenario 1-86,text,true,,255273,518728,30,30,2440,0,0
2018/09/17 17:09:20,3116,Load Validation Item,200,OK,Business Scenario 1-92,text,true,,255262,518728,30,30,1860,0,0
2018/09/17 17:09:18,5003,Monthly Attendance Start,200,OK,Business Scenario 1-98,text,true,,789124,438,30,30,2393,0,281
2018/09/17 17:09:22,461,Logout,200,OK,Business Scenario 1-81,text,true,,3860,739,30,30,461,0,278
2018/09/17 17:09:21,2129,Load Validation Item,200,OK,Business Scenario 1-90,text,true,,255249,518728,29,29,878,0,0
2018/09/17 17:09:21,2141,Load Validation Item,200,OK,Business Scenario 1-95,text,true,,255249,518728,29,29,890,0,0
2018/09/17 17:09:21,2294,Confirmation,200,OK,Business Scenario 1-76,text,true,,25746,518774,29,29,2293,0,282
2018/09/17 17:09:21,2556,Load Validation Item,200,OK,Business Scenario 1-91,text,true,,255224,518728,29,29,921,0,0
2018/09/17 17:09:19,3691,Load Validation Item,200,OK,Business Scenario 1-88,text,true,,255240,518728,29,29,2860,0,0
2018/09/17 17:09:18,5394,Monthly Attendance Start,200,OK,Business Scenario 1-97,text,true,,789092,438,29,29,2470,0,1296
2018/09/17 17:09:16,7657,Monthly Attendance Start,200,OK,Business Scenario 1-93,text,true,,788821,438,29,29,2474,0,0
2018/09/17 17:09:21,2803,Load Validation Item,200,OK,Business Scenario 1-84,text,true,,255232,518728,29,29,1097,0,0
2018/09/17 17:09:23,437,Input Page Lazy Data,200,OK,Business Scenario 1-98,text,true,,7469,885,29,29,437,0,279
2018/09/17 17:09:20,3369,Monthly Attendance Start,200,OK,Business Scenario 1-99,text,true,,789090,438,29,29,735,0,0
2018/09/17 17:09:23,472,Logout,200,OK,Business Scenario 1-76,text,true,,3858,739,29,29,472,0,277
2018/09/17 17:09:19,4134,Load Validation Item,200,OK,Business Scenario 1-75,text,true,,255273,518728,28,28,2328,0,0
2018/09/17 17:09:21,2489,Confirmation,200,OK,Business Scenario 1-80,text,true,,25747,518774,28,28,2482,0,293
2018/09/17 17:09:23,438,Input Page Lazy Data,200,OK,Business Scenario 1-97,text,true,,7469,885,28,28,438,0,279
2018/09/17 17:09:23,437,Input Page Lazy Data,200,OK,Business Scenario 1-93,text,true,,7469,885,28,28,437,0,280
2018/09/17 17:09:19,4428,Load Validation Item,200,OK,Business Scenario 1-89,text,true,,255257,518728,28,28,3455,0,0
2018/09/17 17:09:23,445,Input Page Lazy Data,200,OK,Business Scenario 1-99,text,true,,7469,885,28,28,444,0,281
2018/09/17 17:09:21,3414,Load Validation Item,200,OK,Business Scenario 1-82,text,true,,255272,518728,28,28,1035,0,0
2018/09/17 17:09:21,2545,Confirmation,200,OK,Business Scenario 1-51,text,true,,26838,519766,28,28,2544,0,282
2018/09/17 17:09:21,2553,Confirmation,200,OK,Business Scenario 1-78,text,true,,25755,518774,28,28,2552,0,279
2018/09/17 17:09:24,467,Logout,200,OK,Business Scenario 1-80,text,true,,3859,739,28,28,467,0,280
2018/09/17 17:09:22,2710,Confirmation,200,OK,Business Scenario 1-59,text,true,,25731,518774,27,27,2709,0,279
2018/09/17 17:09:22,2341,Confirmation,200,OK,Business Scenario 1-94,text,true,,25746,518774,27,27,2340,0,279
2018/09/17 17:09:24,467,Logout,200,OK,Business Scenario 1-51,text,true,,3860,739,27,27,467,0,283
2018/09/17 17:09:22,2417,Load Validation Item,200,OK,Business Scenario 1-87,text,true,,255240,518728,26,26,882,0,0
2018/09/17 17:09:24,459,Logout,200,OK,Business Scenario 1-78,text,true,,3859,739,26,26,459,0,278
2018/09/17 17:09:24,469,Logout,200,OK,Business Scenario 1-59,text,true,,3856,739,25,25,469,0,281
2018/09/17 17:09:22,2553,Confirmation,200,OK,Business Scenario 1-79,text,true,,25745,518774,24,24,2552,0,280
2018/09/17 17:09:24,467,Logout,200,OK,Business Scenario 1-94,text,true,,3859,739,24,24,467,0,280
2018/09/17 17:09:22,2709,Confirmation,200,OK,Business Scenario 1-77,text,true,,25458,497604,23,23,2708,0,281
2018/09/17 17:09:22,2659,Confirmation,200,OK,Business Scenario 1-83,text,true,,25738,518774,23,23,2658,0,282
2018/09/17 17:09:23,1721,Load Validation Item,200,OK,Business Scenario 1-98,text,true,,255178,518728,23,23,1026,0,0
2018/09/17 17:09:25,463,Logout,200,OK,Business Scenario 1-79,text,true,,3857,739,23,23,463,0,277
2018/09/17 17:09:25,461,Logout,200,OK,Business Scenario 1-77,text,true,,3858,739,22,22,461,0,281
2018/09/17 17:09:23,2645,Confirmation,200,OK,Business Scenario 1-86,text,true,,25746,518774,21,21,2644,0,285
2018/09/17 17:09:25,459,Logout,200,OK,Business Scenario 1-83,text,true,,3858,739,21,21,459,0,279
2018/09/17 17:09:23,2615,Confirmation,200,OK,Business Scenario 1-92,text,true,,25745,518774,20,20,2607,0,279
2018/09/17 17:09:24,1577,Load Validation Item,200,OK,Business Scenario 1-99,text,true,,255264,518728,20,20,886,0,0
2018/09/17 17:09:23,2485,Confirmation,200,OK,Business Scenario 1-90,text,true,,25745,518774,20,20,2484,0,286
2018/09/17 17:09:23,2448,Confirmation,200,OK,Business Scenario 1-91,text,true,,25746,518774,20,20,2447,0,284
2018/09/17 17:09:23,2502,Confirmation,200,OK,Business Scenario 1-88,text,true,,25728,518774,20,20,2501,0,285
2018/09/17 17:09:20,6042,Load Validation Item,200,OK,Business Scenario 1-53,text,true,,255256,518728,20,20,4243,0,0
2018/09/17 17:09:25,456,Logout,200,OK,Business Scenario 1-86,text,true,,3856,739,20,20,456,0,279
2018/09/17 17:09:25,466,Logout,200,OK,Business Scenario 1-92,text,true,,3858,739,19,19,466,0,281
2018/09/17 17:09:24,2133,Load Validation Item,200,OK,Business Scenario 1-97,text,true,,255097,518728,18,18,897,0,0
2018/09/17 17:09:24,2411,Confirmation,200,OK,Business Scenario 1-75,text,true,,25755,518774,18,18,2410,0,281
2018/09/17 17:09:26,460,Logout,200,OK,Business Scenario 1-90,text,true,,3858,739,18,18,460,0,280
2018/09/17 17:09:26,455,Logout,200,OK,Business Scenario 1-91,text,true,,3860,739,17,17,455,0,279
2018/09/17 17:09:26,461,Logout,200,OK,Business Scenario 1-88,text,true,,3860,739,16,16,461,0,279
2018/09/17 17:09:23,3065,Confirmation,200,OK,Business Scenario 1-95,text,true,,25746,518774,15,15,3064,0,280
2018/09/17 17:09:22,4433,Confirmation,200,OK,Business Scenario 1-71,text,true,,25744,518774,15,15,4431,0,282
2018/09/17 17:09:24,2441,Load Validation Item,200,OK,Business Scenario 1-93,text,true,,255240,518728,15,15,1046,0,0
2018/09/17 17:09:19,6786,Monthly Attendance Start,200,OK,Business Scenario 1-100,text,true,,789004,438,15,15,1506,0,283
2018/09/17 17:09:24,2462,Confirmation,200,OK,Business Scenario 1-89,text,true,,25739,518774,15,15,2461,0,282
2018/09/17 17:09:24,2409,Confirmation,200,OK,Business Scenario 1-82,text,true,,25754,518774,15,15,2408,0,283
2018/09/17 17:09:26,459,Logout,200,OK,Business Scenario 1-75,text,true,,3859,739,15,15,459,0,278
2018/09/17 17:09:20,6276,Load Validation Item,200,OK,Business Scenario 1-85,text,true,,255257,518728,14,14,5021,0,0
2018/09/17 17:09:26,461,Logout,200,OK,Business Scenario 1-95,text,true,,3858,739,14,14,461,0,281
2018/09/17 17:09:24,2154,Confirmation,200,OK,Business Scenario 1-87,text,true,,25745,518774,13,13,2153,0,281
2018/09/17 17:09:26,465,Logout,200,OK,Business Scenario 1-71,text,true,,3859,739,13,13,465,0,282
2018/09/17 17:09:26,441,Input Page Lazy Data,200,OK,Business Scenario 1-100,text,true,,7468,885,12,12,441,0,282
2018/09/17 17:09:26,464,Logout,200,OK,Business Scenario 1-89,text,true,,3859,739,12,12,464,0,284
2018/09/17 17:09:26,460,Logout,200,OK,Business Scenario 1-82,text,true,,3857,739,11,11,460,0,281
2018/09/17 17:09:27,453,Logout,200,OK,Business Scenario 1-87,text,true,,3858,739,10,10,453,0,278
2018/09/17 17:09:23,4529,Load Validation Item,200,OK,Business Scenario 1-96,text,true,,255177,518728,9,9,2859,0,0
2018/09/17 17:09:25,2068,Confirmation,200,OK,Business Scenario 1-98,text,true,,25746,518774,9,9,2066,0,284
2018/09/17 17:09:27,462,Logout,200,OK,Business Scenario 1-98,text,true,,3856,739,9,9,462,0,280
2018/09/17 17:09:26,2093,Confirmation,200,OK,Business Scenario 1-99,text,true,,25746,518774,8,8,2091,0,279
2018/09/17 17:09:26,2189,Confirmation,200,OK,Business Scenario 1-97,text,true,,25745,518774,8,8,2188,0,283
2018/09/17 17:09:28,462,Logout,200,OK,Business Scenario 1-99,text,true,,3860,739,8,8,462,0,281
2018/09/17 17:09:28,469,Logout,200,OK,Business Scenario 1-97,text,true,,3858,739,7,7,469,0,281
2018/09/17 17:09:26,2343,Confirmation,200,OK,Business Scenario 1-93,text,true,,25745,518774,6,6,2342,0,281
2018/09/17 17:09:26,2862,Confirmation,200,OK,Business Scenario 1-53,text,true,,25754,518774,6,6,2861,0,287
2018/09/17 17:09:23,5441,Confirmation,200,OK,Business Scenario 1-84,text,true,,25747,518774,6,6,5440,0,3284
2018/09/17 17:09:26,2291,Confirmation,200,OK,Business Scenario 1-85,text,true,,25746,518774,6,6,2290,0,282
2018/09/17 17:09:29,564,Logout,200,OK,Business Scenario 1-53,text,true,,3858,739,6,6,564,0,281
2018/09/17 17:09:29,580,Logout,200,OK,Business Scenario 1-93,text,true,,3857,739,5,5,580,0,282
2018/09/17 17:09:27,2547,Load Validation Item,200,OK,Business Scenario 1-100,text,true,,255200,518728,4,4,1017,0,0
2018/09/17 17:09:29,453,Logout,200,OK,Business Scenario 1-84,text,true,,3859,739,4,4,453,0,277
2018/09/17 17:09:29,456,Logout,200,OK,Business Scenario 1-85,text,true,,3859,739,3,3,456,0,281
2018/09/17 17:09:27,2249,Confirmation,200,OK,Business Scenario 1-96,text,true,,25746,518774,2,2,2248,0,281
2018/09/17 17:09:29,460,Logout,200,OK,Business Scenario 1-96,text,true,,3858,739,2,2,460,0,279
2018/09/17 17:09:29,2516,Confirmation,200,OK,Business Scenario 1-100,text,true,,25746,518774,1,1,2515,0,286
2018/09/17 17:09:32,459,Logout,200,OK,Business Scenario 1-100,text,true,,3857,739,1,1,459,0,280
